
Rates for sites

[replicate 1]
 0.0002  0.4693  0.0000  0.0000  0.1404  0.0000  0.0000  0.0000  0.0000  9.5426 
 1.5531  0.0601  3.4353  4.6825  0.0167  0.0250  0.0947  0.8190  0.3375  0.4048 
 0.0009  0.0021  0.0011  0.9126  1.1775  0.6559  1.6716  3.4817  0.0803  0.1026 
 1.5680  0.0008  0.0309  0.0000  0.0000  7.3340  1.7504  0.0371  0.0614  0.0005 
 0.0000  0.1449  0.0013  0.0001  0.0040  0.0090  2.3250  0.0006  0.0291  0.0002 
 0.0000  0.0000  0.0073  0.0000  0.0004  0.1698  0.0321  5.0010  0.0051  7.0844 
 0.0062  0.0002  5.6412  0.4127  1.8113  0.0002  0.1922  0.2195  6.4987  0.4016 
 0.0004  0.0274  0.2483  0.1945  0.0155  0.0890  0.0000  0.0650  0.2185  0.0017 
 1.3062  0.0000  0.0001  0.0000  0.0635  0.0693  0.1238  0.7060  0.3931  0.3626 
 0.0000  0.0636  0.0006  0.0353  0.0000  0.0003  0.0028  0.0502  0.0000  0.0132 
 0.4281  0.0139  0.0002  0.0546  0.0000  0.9754  0.0000  8.4034  0.2653  0.0001 
 0.0018  0.0000  0.0183 13.4330  0.0033  0.0000  0.0013  0.0007  0.6406  0.0000 
 3.4674  0.0063  0.0026  0.0140  0.0105 10.1798  0.0000  0.4648  0.1364  0.0004 
 0.2275  0.4897  1.8496  1.8443  0.2613  0.0007  0.0653  2.0812  0.0000  5.5843 
 9.4509  0.1111  0.1258  1.4309  0.0049  0.0000  0.5069  0.0301  0.0000  0.0078 
 0.0242  0.1239  0.0000  0.0003  0.0000  0.0000  0.0401  0.0171  0.0153  1.5862 
 0.1654  0.0000  0.3053  0.0006  1.9829  4.7921  0.0153  0.0000  1.6365  0.0211 
 0.4806  0.0163  0.3924  0.2765  0.0036  0.2781  0.0470  0.0000  0.4239  0.0367 
 0.1959  0.2338  6.3850  0.0006  0.0029  0.0064  0.4397  0.0002  0.0184  0.0000 
 0.0662  0.0000  5.5208  0.0004  3.3716  0.0000  3.9715  0.0000  0.0004  0.2542 
 0.0000  0.3395  0.0482  0.0000  0.0175  0.3531  0.1396  0.6769  0.0055  1.1376 
 0.0056  0.0000  0.0103  0.0018  3.6377  0.0047  0.4539  1.0450  1.7076 12.4614 
 6.2126  0.0026  0.0851  1.0282  0.0014  0.0010  0.9155  0.0782  0.0012  0.5085 
 0.0103  2.2701  0.0946  0.0043  0.0090  0.0005  0.0004  0.0004  0.3021  1.7894 
 0.1179  0.0000  7.3385  0.0005  0.0001  0.0000  0.0113  0.0534  0.1058  0.0656 
 0.0456  0.0399  8.2126  0.0069  8.0146  0.0001  0.0000  0.0000  0.0016  0.1077 
 0.1927  0.0000  0.3945  0.0359  0.1646  0.0019  0.2403  1.5203  0.3132  0.4861 
 2.9959  0.0000  0.1977  0.0000  0.0036  0.1403  0.0000  0.8231  0.3477  1.8352 
 0.0001  0.7060  0.1570  0.0295  0.2662  0.0000  0.0000  0.0069  2.8064  0.0273 
 0.0110  0.0000  1.6564  3.3619  1.6628  0.0109  1.8829  0.4646  0.0280  0.0000 
 1.3680  0.0010  1.0452  0.2086  0.0579  3.4344  2.3599  0.0043  0.1537  2.4689 
 1.1917  0.1919  0.0147  0.0011  0.0281  0.0043  2.0039  0.0000  0.0722  6.4137 
 0.0729  0.0044  0.8590  0.0398  0.0000  0.1852  0.0000  0.0000  0.0011  0.0000 
 0.0648  0.3441  0.0030  0.1136  0.0000  1.7176  0.0000  0.0000  0.0000  0.0130 
 0.0005  0.0172  0.0015  0.0000  0.0217  0.0000  0.0145  0.1892  1.0109  5.5007 
 1.9351  0.0001  3.8470  0.0045  0.0001  0.0717  0.0058  0.0000  1.5986  0.8511 
 6.0365  0.0242  0.0000  0.0463  1.1683  1.7909  0.4971  0.0518  8.5783  3.8757 
 0.8521  0.4786  1.0192  0.0024  0.9113  0.0000  1.6803  7.3760  0.0271  0.1107 
 0.1640  0.7598  0.0937  0.0000  0.1828  0.0103  0.1042  0.0000  2.8967  0.0315 
 0.1049  0.0027  0.0000  6.2412  0.0001  0.0000  1.4248  0.0028  1.2679  0.1053 
 0.0026  4.1543  0.3508  0.0000  0.3638  1.8808  1.1750  5.0206  0.0003  0.3736 
 0.0000  6.5457  0.0047  0.2977  0.0005 10.3713  0.4825  0.9269  0.0347  0.7856 
 0.0006  1.2208  0.0001  0.0040  0.0002  0.0025  3.7666  0.0561  5.9446  0.0000 
 0.0458  0.3250  0.2144  0.4772  1.1911  0.0000  0.1063  0.1253  0.0448  1.7252 
 0.0049  1.6272  0.0444  2.7524  0.0006  0.1324  0.0044  1.3977  0.0000  0.0000 
 0.0005  0.0000  0.0786  0.0000  0.2075  0.0000  0.1172  5.4971  0.0000  0.0430 
 0.0000  0.1225  0.0368  0.0000  0.0000  0.0145  2.4269  1.0845  3.4107  0.0010 
 0.0000  1.8008  9.0070  0.0000  0.0000  0.1188  0.0000  0.0003  0.1689  0.0013 
 0.0627  0.0002  0.3057  0.0000  0.0754  0.0000  4.1876  0.0022  0.5595  0.0004 
 0.0027  1.2769  0.0974  0.0010  0.0000  6.8176  0.0063  6.7513  0.0000  0.0000 
 1.1844  0.1784  0.9789  3.4969  0.0008  0.8165  5.8817  0.2195  1.4846  0.4123 
 0.0198  0.0280  0.3221  0.0001  0.9999  0.0000  0.0501  0.0256  0.0025  0.0490 
 0.1066  0.7394  2.8909  0.0000  0.1172  0.6009  0.0558  0.0533 11.6506  0.0076 
 0.0001  0.0000  0.0988  0.0414  0.7377  0.0079  0.0000  0.0046  0.0000  0.0011 
 6.7738  0.0009  0.0012  0.0003  0.0194  0.0012  1.0566  0.0047 25.9613  0.0000 
 0.0648  0.7531  5.4417  0.4122  0.1112  0.0013  0.2155  0.0000  0.0493  2.9024 
 0.0007  0.0781  0.1862  0.0139  0.1274  0.0308  2.7314  0.0696  2.8520  0.0020 
 0.0096  1.6787  0.0323  0.4054  0.0004  0.0002  0.3493  0.0000  0.1538  0.0001 
 2.5237  0.0004  1.2188  0.0224  8.0665  0.5135  0.0996  1.0688  0.0836  0.6266 
 0.0018  0.0000  0.0000  0.0000  0.0000  0.0142  2.4180  0.0042  0.0000  0.7113 
 3.3305  0.0004  0.0331  1.3076  0.0000  3.1434  1.0542  0.0000  0.1197  0.0000 
 0.1826  0.0000  5.4794  0.0004  0.0026  0.3246  0.0049  0.1254  1.9912  0.0168 
 0.1441  0.0004  9.0286  0.0016  0.0000  0.0002  7.9061  0.0025  0.0423  0.0108 
 0.0001  0.0030  0.0002  0.0000  0.0000  1.2928  0.0149  0.1826  0.0003  0.4040 
 0.0049  0.0806  1.3956  0.0023  4.7809  1.4645  0.4070  0.0161  0.3437  0.0001 
 4.3847  0.0000 12.2940  1.0781  0.1099  0.6880  0.0014  0.4810  0.0012  0.0000 
 0.9015  0.5282  0.0094  0.6518  0.4385  0.0018  0.1699 10.5442  4.7006  0.1092 
 0.0000  0.0029  0.0131  0.4285  0.0011  0.0000  0.0052  0.0000  0.9275  0.2291 
 0.2505  0.7561  0.0145  6.1489  0.3431  0.0005  0.0081  1.7704  0.2429  0.0060 
 0.0001  0.0005  0.0002  0.0000  0.0001  4.5174  0.1849  0.0175  0.7137  0.0020 
 0.0000  0.0323  0.0000  0.1781  0.2225  0.9578  3.5572  0.0000  0.0000  2.8587 
 0.5444  0.2834  0.0002  7.5120  0.0006  0.0063  0.7277  0.0000  0.0913  0.0209 
 4.8962  1.4651  0.6199  0.0015  0.3113  0.0000  0.0001  3.3543  0.0000  3.8802 
 0.0013  0.0000  0.1871  0.0001  3.7700  0.0691  0.0002  0.0027  0.0154  0.8210 
 0.0019  0.0000  2.2873  2.5484  0.0000  0.0010  0.0005  0.1388  0.0843  0.0002 
 0.0135  0.0253  0.3107  0.6922  0.0000  0.0591  0.0001  0.0000  0.5015  0.4676 
 0.0101  0.1002  0.0003  0.0000  4.1637  0.7464  0.0001  0.0518  0.3522  0.0122 
 0.1523  0.3268  3.1348  6.9845  0.2639  0.0698  0.0029  0.0002  0.2981  0.1170 
 0.0096 17.4178  1.2562  1.9671  0.7563  0.0000  0.0298  0.0000  0.0000  0.1059 
 0.0750  0.0073  0.0061  2.4714  0.0001  0.8663  0.7469  0.5246  0.2196  0.0002 
 0.0411  0.0850  0.2178  0.2773  0.0000  0.0281  0.5853  6.0220  1.0471  0.0133 
 0.6507  2.3550  0.0001  3.1003  0.0000  3.0284  0.0319  1.9554  8.7911  0.3280 
 0.0018  0.0000  0.0000  0.0079  0.5285  0.0004  5.6607  1.5781  1.2059  0.0000 
 1.2388  0.0000  0.0187  3.2159  0.1320  0.1004  0.3893  1.7781  0.0223  1.1947 
 0.4570  0.6401  2.5530  0.0199  0.0001  0.0000  0.6630  0.0009  0.0000  0.0353 
 0.0354  0.0008  0.0824  0.0000  0.3711  0.2451  0.3017  0.1297  0.0000 10.0881 
 0.0000  0.0140  0.0125  8.6520  0.0000  0.3625  6.7175  0.0001  3.4799  0.0001 
 6.2915  0.0015  0.4189  0.0009  0.6274  0.0556  0.0008  0.0737  0.6585  0.5071 
 0.0410  0.0014  0.0001  0.0000  0.0000  6.9605  9.9193  0.0653  1.1367  5.1353 
 2.0403  0.0000  1.1658  0.1126  0.0001  0.0595  0.0001  5.7151  0.0000  0.0000 
 2.8901  0.0208  0.0006  0.0006  0.0000  7.6737  3.2328  0.0093  1.8606  0.0727 
 1.4109  0.2157  0.0100  0.5684  0.9242  0.0965  0.0072  0.0019  5.7483  0.0003 
 0.0151  0.0000  0.0829  0.0001  0.0001  0.0101  0.5986  0.1125  0.0004  3.6825 
 0.0573  1.3408  0.0001  0.7574  0.0000  0.1037  0.4589  0.6290  0.0798  0.0012 
 0.0569  0.0014  4.0441  0.0005  0.0331  0.0780  0.0002  0.0826  0.0423  0.4411 
 0.0002  0.0471  0.2301  0.4866  0.0000  0.0110  0.0000  0.0345  0.0420  7.0824 
 0.0079  0.0000  1.0525  1.4349  0.3276  1.2582  9.0062  0.0000  0.6722  0.0705 
 0.0118  1.8534  0.0005  0.0241  0.0698  0.0005  0.0015  3.1988  1.5957  0.0006 
 0.0024  0.0011  0.6249  0.1736  0.0291  0.0000  0.1615  0.1012  0.8917  4.6967 
 0.3294  0.2701  0.1742  0.0021  0.0002  0.0012  0.0001  0.0000  0.0651  0.0009 
 0.0000  0.0070  1.3001  0.1167  6.2828  0.0008  0.0030  0.1476  0.5511  0.0001 
 9.5657  0.0004  0.0001  0.3333  0.0000  0.0000  0.0108  0.0000  0.0001  3.6417 
 0.0190  0.0001  0.0288  0.0000  0.0001  0.0024  0.0046  0.0022  0.0082  1.5005 
 0.0020  0.0000  0.1033  9.4041  2.5021  0.0019  0.0000  0.0004  0.3883  0.3123 
 0.2170  0.6209  0.2446  0.0000  0.1195  0.9967  7.0027  0.5095  0.0872  0.0245 
 0.0000  3.7866  1.2368  2.2588  0.0013  0.0118  4.3715  0.0000  0.0875  1.6886 
 0.9697  0.0114  0.0000  0.0449  8.5365  0.0006  0.2365  0.9781  0.0000  0.0112 
 0.0023  0.0030  0.0052  1.2481  0.0317  0.1090  1.3281  5.9294  0.0000  0.0034 
 0.0061  0.0000  0.9559  0.0000  2.0316  0.0119  6.1759 11.6832  0.0024  0.1316 
 0.0008  0.0000  0.0027  0.0015  0.3879  0.7957  0.0006  7.1079  0.0000  0.1268 
 1.7304  6.7901  0.3549  0.3560  0.0000  0.0314  0.6709  0.0082  2.4471  0.1319 
 0.0041  0.0034  0.0000  0.0000  0.0103  0.0020  0.0297  4.1842  0.1963  0.5823 
 0.0112  1.9590  0.0000  0.2520  0.3777  1.4960  0.0004  4.4668  0.4406  0.0000 
 3.6727 13.4000  9.0043  5.2956  2.5724  0.0239  0.0000  0.0128  0.0000  0.0002 
 0.0202  0.0002  0.0000  0.1939  0.0000  0.0036  2.1924  0.0000  0.6971  2.4700 
 0.0017  0.0001  0.0000  0.0365  0.0000  0.0059  0.0265  0.6267  1.6842  0.0001 
 2.2469  1.1919  0.1752  2.6635  0.6412  1.2645  0.0064  0.3070  0.0600  1.4921 
 0.5423  0.0000  4.9765  0.0000  0.1313  0.0079  0.0007  0.0030  0.1615  0.0979 
 0.0052  0.0001  0.2585  0.5580  0.2300  0.0000  0.0000  0.1281  0.0014  0.0000 
 0.3368  0.8525  0.0007  2.6446  0.0000  0.0007  0.4447  0.5438  0.2788  0.0002 
 0.0226  0.2717  0.0570  0.0549  0.0004  0.0013  0.0105  1.0744  0.0002  0.6326 
 0.0000  0.0012 13.8001  0.4749  0.8618  0.0000  7.2802  0.0007  0.0007  1.3512 
 0.0024  0.0000  3.3155  0.0104  2.7563  0.1259  0.0015  0.0440  0.0000  0.0001 
 0.0026  3.2821  0.0000  0.3107  0.0146  0.0000  1.8484  0.0000  0.6302  2.6744 
 0.4471  0.2993  0.6301  0.2935  0.1103  0.0517  0.6216  0.0014  0.0001  0.0083 
 0.0398  0.0467  0.1606  0.0135  0.0000  0.0159 14.0949  0.0144  0.0001  3.9383 
 1.4654  0.6712  0.2488  0.4745  0.0126  0.0000  8.0145  0.2702  2.1583  0.2264 
 0.1398  0.0000  0.9395  0.0677  0.0338  2.2552  0.0029  0.0013  0.0396  0.0368 
 0.7947  0.5496  0.0000  0.0001  0.1136  0.0000  1.7483  0.0004  0.0006 10.6441 
 2.9531  4.9177  6.3531  0.0891  0.8878  0.3200  0.5646  0.0171  1.6175  0.0000 
 0.3417 11.4728  0.0000  0.0205  0.0000  0.0303  0.0001  1.1831  0.0122  0.0166 
 0.4812  0.2554  0.1746  0.1314  0.0000  1.9698  0.0004  2.4304  0.0000  5.0255 
13.3349  0.0000  0.3180  0.0000  0.0000  0.0191  0.0059  0.0342  1.7220  0.5103 
 0.0001  0.4341  0.0278  0.2211  5.3270  0.0000  0.9363  0.9330  0.0114  0.3632 
 6.9421  0.0000  0.0014  0.0000  0.0042  0.0013  0.1112  0.0000  0.1364  0.0014 
 0.0566  3.4014  0.7536  0.0000  1.7695  0.1307  0.0001  3.7894  0.0015  0.6071 
 0.1208  0.0003  0.0003  1.6149  0.1917  0.1103  0.0002  0.2860  0.1465  1.7034 
 3.1344  0.7592  0.7289  3.9569  0.2474  9.8715  0.0000  0.0178  0.0017  0.0017 
 0.0701  0.0072  0.1539  0.0000  0.0000  3.4516  0.0217  3.5594  0.0001  0.0001 
 9.8977  0.0036  0.0000  0.1902  2.0870  0.0720  0.6576  6.7548  0.0000  2.0174 
 0.0167  0.1906  0.0072  0.0001  0.0001  0.0000  0.0009  0.0441  0.0319  0.0036 
 0.6866 13.7372  0.0009  0.0000  0.0002  5.1411  0.0000  3.2912  0.0000  0.8523 
 0.0144  2.2348  0.3113  0.7642  0.0076  0.0000  0.0003  1.0983  0.3644  0.9338 
 0.0000  0.0054  0.0124  0.0003  0.4091  0.3200  0.0111  0.2848  0.0000  0.0000 
 1.5837  0.0473  0.0001  0.0442  0.9126  4.5024  0.2908  0.0924  0.0000  0.0000 
 0.0074  0.0000  0.6286  0.0000  0.7753  2.6201  0.0000  0.0005  0.0039  6.2712 
 0.0002  0.0006  0.4347  0.0003  0.0095 11.4044  0.0003  0.0002  0.0697  0.2593 
 6.5966  0.0068  0.0012  0.0019  0.8050  0.0000  0.2014  0.0104  0.0019  0.0019 
 5.1370  0.0013  0.0063  0.0023  0.0000  0.0002  0.2313  2.2103  0.1560  0.0264 
 0.0038  0.0134  3.4090  0.0000  0.9142  0.0039  0.0213  0.6588  0.0004  0.1868 
 0.0149  0.0000  0.1431  0.2560  0.0009  0.0000  3.3417  0.0208  0.8463  2.1508 
 2.5794  2.5250  0.1144  7.4574  0.5710  0.0000  0.0007  0.0163  0.4928  0.0001 
 0.0003  0.0293  0.1164  0.0061  0.0001  0.0011  0.0002  0.0000  5.2319  1.7554 
 0.0418 21.0974  0.2834  2.5448  0.5051  0.0000  0.7649  0.0056 14.7420 20.4882 
 1.3105  0.0720  0.0139  0.0000  0.0000  0.0000  0.0001  0.0003  0.0124  0.0000 
