
Rates for sites

[replicate 1]
 0.0320  3.6964  0.0027  0.0313  0.0000  4.3137  0.3028  2.4388  1.6102  0.0000 
 0.0001  0.8556  1.9535  0.0000  0.0049  0.0054  0.0000  0.1431  0.9529  0.0000 
 4.6333  0.0000  0.0000  1.7161  0.0001  0.7184  0.0003  0.2830  0.0000  0.0000 
 0.0000  0.2035  0.0004  0.0005  0.0000  0.0302  0.0000  3.2092  0.0208  9.9698 
 1.6182  0.1035  0.0122  1.0498  0.0021  0.0082  0.0000  0.0224  0.0427  0.0378 
 0.0042 25.0148  0.0000  2.1975  0.0000  0.0964  0.0854  0.2132  0.3638  0.1969 
 1.3501  0.0011  0.1095  0.0000  0.1391  0.2719  0.0090  0.0012  0.1529  0.8035 
 0.1433  0.0967  0.0007  0.2199  0.0193  0.1905  0.0005  0.0000  1.1329 12.0885 
 0.0002  0.1169  0.8398  1.2451  0.0364  1.3630  0.0073  0.0000  0.0639  0.1091 
 0.0317  0.0001  0.0000  0.0043  2.9775  6.0283  0.0006  0.0041  1.4284  0.0000 
 0.0013  0.0003  0.0112  0.0007  0.5804  2.3491  0.0339  0.0866  0.4205  0.0574 
 0.0000  1.1596  0.0010  0.0009  0.0000  1.0449  1.7606  0.0035  0.0276  0.3924 
 0.0000  1.8704  0.4071  0.0002  0.0582  0.0012  0.6307  0.0000  9.1789  0.1425 
 0.0001  0.0000  0.0903  0.1999  1.2049  0.0591  0.0825  2.1596  0.0000  0.0026 
 0.4397  0.5239  0.3811  1.0598  0.0121  0.0024  0.3200  0.0001  5.3555  0.5678 
 0.0053  0.0000  0.7429  0.0647  0.0017  3.7623  0.3008  0.2182  0.0000  6.8583 
 0.1775  0.0028  0.1085  0.0000  1.7251  0.0042  0.0369  0.0105  0.0000  0.0000 
 0.5704  0.0382  0.1581  1.7760  0.0000  1.3507  0.0292  0.2548 16.3292  2.4063 
 0.0012  0.0032  0.3037  0.3133  0.0548  0.0223  9.6066  0.0000  0.0027  0.1122 
 0.0000  0.6931  0.0165  0.0000  0.0709  0.0001  0.0002  0.0048  0.0000  0.0000 
 3.2528  0.2886  0.7963  3.9418  2.6737  0.0207  0.0002  0.0000  0.2684  0.7275 
 5.8752  0.0107 10.3125  0.8520  0.0018  0.0345  0.1132  0.4908  0.8511  0.0007 
 1.6025  0.3490  1.3265  0.0000  0.7301  0.0000  0.9300  0.7764  0.0000  0.0778 
 0.0305  0.0000  0.0011  2.1578  0.0891  2.2183  0.0004  1.2600  0.0045  0.4785 
 0.0007  0.0166  2.5824  0.5415  4.9118  0.1049  0.1020  0.0000  0.0104  0.0069 
 0.1981  0.0641  0.0195  0.1270  0.0000  0.0001  0.0001  0.0003  0.0007  0.3989 
 0.1073  0.2294  0.7232  0.6432  0.0041  0.0066  0.0474  0.0010  0.5654  0.0002 
 0.0000  0.4274  1.5783  0.0147  0.0007  0.6270  0.0000  0.0850  0.3045  0.0270 
 0.3452  0.0000  0.0000  0.0023  0.0069  0.0080  0.0000  0.0005  0.2667  0.0805 
 0.0000  0.0920  0.0003  0.1148  0.0578  0.0000  0.0000  0.0338  0.0003  0.0327 
 0.0000  0.0132  0.0000  0.0064  0.0033  2.4221  0.0039  0.0038 11.5448  0.0000 
 6.3555  0.2908  0.4062  1.0801  0.0676  0.0014  1.5733  0.0434  0.2045  0.0002 
 0.0106  1.0520  0.0038  0.1510  0.3954  0.9350  0.2358  0.0002  0.0019  0.0000 
 0.0000  0.1772  0.6188  0.0000  0.0014  3.2737  0.0002  0.0040  0.0317  1.5393 
 3.2486  0.0798  0.0002  0.0049  0.0000  0.0000  0.0002  2.4938  0.0000  0.0563 
 0.0002  8.3260  0.0032  3.8186  0.0000  0.0000  0.2856  0.0134  0.7091  0.0000 
 0.0003  0.0000  0.0060  0.2001 31.2468  0.0021  0.0003  0.7286  0.0000  0.0001 
 0.2256  0.0000  0.0088  0.0004  0.1425  0.2448  1.0821  0.3578  0.0076  0.7898 
 0.0000  0.0001  2.2972  3.7033  0.0000  0.0000  3.1493  0.1991  0.0000  6.9671 
 0.9713  0.3807  0.0091  0.0006  0.0327  0.2326  0.0000  2.3731  0.0000  0.3152 
 0.0000  2.0434  1.1961  0.0165  5.1700  0.0005  1.4447  1.2199  0.0000  0.1110 
 0.0026  0.0000  0.4445  0.1598  2.9804  0.0696  3.9308  0.0000  2.9288  0.4688 
 7.3936  0.0000  0.0606  0.0002  0.1511  0.0111  0.2921  9.5008  0.1554  5.4057 
 1.0300  0.0551  0.0001  8.4358  0.7243  4.1067  0.0485  0.9843  0.0008  0.0051 
 0.2012  0.0001  0.0910  0.5549  0.0016  0.0001  0.0544  0.0601  0.0031  2.9194 
 0.0437  1.2264  0.2417  1.3123  0.2154  0.0914  0.2418  0.0671  0.0001  2.3736 
 0.3547  0.0000  0.4049  0.0000  0.0854  0.1443  0.0089  0.1341  2.0093  0.0013 
 0.0000  0.0005  0.0287  0.3526  0.6742  0.0006  0.0010  0.2021  0.0221  0.0217 
 5.3082  0.0024  9.9813  0.0000  0.0308  0.0032  1.3726  0.0115  0.0003  1.0972 
 1.6919  0.0814  0.0000  0.0015  0.0732  0.1079  0.6193  0.0000  0.6692  0.0498 
 0.0003  1.3233  0.0000  0.0000  0.0095  0.7093  0.7131  0.0075  2.7610  0.0294 
 0.0000  1.4564 21.4162  0.0000  0.4799  3.1533  0.1557  4.2841  0.0002  0.0028 
 0.0047  0.0012  0.0041  0.0701  0.0048  0.0000  0.0000 11.4815  0.0160  0.0280 
 0.0071  0.0165  0.0000  0.0266 16.6160  0.0001  0.0300  0.8160  1.1670  0.1141 
 0.2057  0.0019  1.8352  0.0000  9.7671  3.4747  0.0003  0.1699  0.0388  0.0002 
 0.0272  0.0000  0.1633  0.0000  2.7906  1.9977  0.0756  0.0011  0.9212  0.1390 
 1.2818  0.1831  0.6011  0.1454  0.1011  1.3447  0.3152  0.0369  0.0045  0.3108 
 0.0535  0.0006  0.0002  0.0859  0.0569  1.5527  0.0332  0.0002  4.3600  0.0209 
 0.0128  0.0454  0.0580  0.0998  2.5606  0.0000  0.6080  0.4045  0.0000  0.0015 
 0.9109  6.5933  0.0000  1.9499  0.0028  0.0222  0.0000  8.4644  1.1271  0.0000 
 0.0298  0.5098  2.3399  0.0612  4.1745  4.7953  0.3850  1.0139  0.5893  0.1676 
 0.6610  0.3334  0.0537  0.2860  2.0733  2.8100  0.0976  2.2731  0.0745  1.2111 
 0.1128  0.8182  0.0000  0.0008  0.2726  0.0001  0.0002  1.6255  0.0566  0.1189 
 0.0793  2.2017  0.1846 27.1900  0.0000  0.9550  0.0029  0.0368  0.3608  5.6293 
 0.0001  0.2594  0.0000  0.0004  2.4163  0.2840  0.0000  7.9945  0.0021  0.0000 
 0.0002  0.0011  0.0000  0.0448  0.0000  0.0000  4.7187  0.0004  0.0054  1.9312 
 0.0565  0.0034  0.0680  1.2767 12.1324  0.0378  8.9609  0.4288  0.0680  0.0014 
 0.0000  0.0079  0.0001  0.0000  1.3681  1.5694  1.8924  0.2996  0.0000  0.0031 
 0.1016  0.0306  0.8236  5.8417  0.6498  0.0000  5.6926  0.7098  0.0000  0.0589 
 0.0010  2.8508  5.3886  0.0000  0.0000  1.6143  0.5867  0.0017  0.1705  0.2229 
 0.4810  2.0536  0.1014  0.0000  0.0153  0.1253  0.0000  0.0000  0.0053  0.0000 
 0.0052  0.0001  0.1391  0.0007  0.0562  0.0000  0.3234  1.2934  0.8308  0.0000 
 0.0254  0.0004  6.0929  0.2902  0.1377  0.1378  0.0087  0.0061  1.5811  0.0001 
 0.0045  0.0000  0.0000  0.0082  3.2631  2.3024  0.3958  0.0000  7.1803  0.2143 
 0.0000  1.0219  0.0000  1.6537 10.9207  0.0880  0.0021  0.4255  1.0407  0.3096 
 0.0002  0.0000  4.6154  0.0187  0.2255  0.0672  1.0660  1.7702  0.0301  3.5161 
 0.0001  0.0018  0.0349  0.0186  0.1394  0.0002  5.5940  0.0000  0.8650  2.0786 
 0.0000  0.0000  0.3488  0.0015  2.5170  0.0000  0.0278  0.0000  1.1155  1.7410 
 4.0100  0.0261  0.0767  0.6503  0.0000  0.0001  0.4127  0.0441  3.1343  0.0343 
 0.0000  4.5622  0.0000  0.5490  0.0008  0.1643  1.2594  0.2678  0.0346 11.6577 
 0.1609  1.1914  2.7433  2.8577  3.7252  0.0018  0.0004  0.1602  0.4748  0.0528 
 0.4447  0.0011  0.0193  0.0003  1.0206  0.0003  5.5772  0.0002  0.0000  0.0000 
 0.0008  0.0000  1.2801  0.0004  6.8447  0.5041  0.6208  0.0031  0.0026  0.0000 
 0.0000  0.0001  0.0004  0.2949  0.0000  0.3341  0.0000  1.5745  0.0018  1.2740 
 0.0061  0.0040  0.0000  0.0000  0.0147  0.4487  0.0000  0.0522  0.0000  0.0265 
 0.1070  0.0294  0.0000  0.0051  0.0054  0.0001  0.0049  0.0000  0.4138  1.1499 
 1.3609  0.3741  0.0752  0.7843  0.0005  0.0000  0.0004  0.0001  0.3136  0.0018 
 0.0004  0.1175  5.6745  0.1294  0.1564  0.0005  0.0885  0.0084  0.3075  1.3867 
 0.0018  0.0063  0.1440  7.4647 13.4760  1.1432  0.0000  0.0000  0.0000  0.0000 
 0.2275  4.1441  0.1434  0.3319  0.0007  4.0797  0.4498  2.1900  0.0000  0.0183 
 0.2505  0.0416  0.0000 12.7524  2.2455  2.8751  0.1065  0.1913  0.4636  0.0041 
 0.0000  0.1612  0.0000  0.5025  3.1894  3.1659  0.0099  0.0000  0.0000  0.0014 
 2.2068  0.0017  0.0000  0.9714  1.2775  0.0000  1.5036  2.8827  0.0063  0.0000 
 0.2948  1.1289  0.0278  2.1514  3.9470  0.0000  0.2309  0.0046  3.0907  0.0051 
 2.0617  1.7169  0.6089  3.7295  0.0122  0.0031  0.0290  0.0003  0.0002  0.1610 
 0.6660  1.5146  0.0000  0.2418  0.1862  3.2047  5.2747  0.0111  0.1407  0.2985 
 1.6959  0.0000  0.0000  1.2671  0.0025  0.4444  0.0734  0.0001  0.0000  0.8098 
 0.0000  0.0750  0.0286  0.0002  0.0644  0.0004  2.4179  0.0607  1.3750  0.5101 
 0.0000  0.0081  0.6825  0.0014  0.0024  0.0016  2.6879  0.0656  0.2176  0.1214 
 0.3608  0.0000  0.0000  0.0340  0.0000  7.8650  0.0472  0.0000  0.0858  0.0000 
 0.0001  2.1866  0.0002  0.0275  1.0280  0.0009  0.4595  0.4206  0.0006  0.7872 
 1.4357  0.2228  0.0059  0.1747  0.0000  0.0000  0.7093 20.4696  0.0859  0.0000 
 4.8876  1.3302  0.0000  9.1741  4.9136  0.3353  0.0000  0.3328  0.0042  9.8520 
 0.0000  0.1568  0.0037  0.0451  6.5338  0.0000  0.4568  0.1333  0.0036  0.0060 
 0.0268  0.0507  0.0195  0.0442  0.0117  1.0371  0.4176  0.0012  0.0011  0.0000 
 0.0001  0.0000 18.5205  0.1089  0.0035  0.0001  0.0000  0.0008  0.0003  0.0024 
 0.0021  0.0516  1.2932  0.8480  0.0014  0.0336  0.6451  0.0000  1.2537  0.5265 
 0.0000  0.5440  0.4087  0.0000  0.0000  0.5635  0.4963  0.6959  0.0029  0.2307 
 0.0009  0.1335  0.0170  0.4037  0.4769  0.0000  0.0183  0.0001  0.0025  0.0153 
 0.0000  0.0703  4.6536  0.0024  0.6217  0.0000  3.1159  0.0000  0.0033  0.8966 
 0.0078  0.0937  0.0188  1.0545  0.0000  0.0021  0.0035  0.6718  4.2301  0.5234 
 0.1872  0.0468  0.0196  0.0036  0.0000  0.1996  7.0117  0.1299  0.0058  0.0581 
 0.0000  0.0012  0.5255  0.0052  1.4737  0.0040  0.0177  0.0001  0.0023  1.7278 
 0.5747  1.0773  0.0943  8.4187  0.8167  0.4063  0.0006  0.0118  0.0016  0.0938 
 0.0002  9.1086  0.7626  0.0002  9.8137  0.0450  0.0000  0.0019  0.0000  0.0000 
 0.2757  2.0361  3.5972  4.2880  0.1028  7.7452  6.9181  0.0172  0.7156  0.0000 
 0.0000  0.0850  0.0000  0.0010  0.0000  0.2056  0.0000  7.4199  0.6259  0.0000 
 0.0001  0.0001  5.9114  0.0515  0.0932  2.1900  0.0000  0.0247  0.0000  0.0000 
 2.5310  0.0043  0.4698  1.1851  0.0000  0.0205  1.7799  0.1567  0.0384  0.0000 
 0.0000  4.8033  0.0004  0.3491  0.0298  0.0000  3.5394  0.0863  0.0026  0.0000 
 0.0005  0.0232  0.1495  2.0525  0.0412  0.0944  0.5805  1.5809  0.2125  0.0067 
 0.0211  0.0000  0.0150  0.0000  0.6816  0.0000  0.0089 13.9195  2.0375  0.0001 
 0.0065  0.0002  0.0001  0.0000  0.2245  0.0000  0.8749  0.0570  2.2632  0.0217 
 0.0169  2.6707  0.0148  0.1179  1.4453  0.0241  6.2284  8.7767  0.0000  0.0000 
 3.4089  0.5338  3.9836  0.1225  0.0009  0.7141  0.1265  0.6544  0.0848  0.0166 
 2.7311  0.4391  1.0188  3.1798  5.3374  0.0000  7.2342  0.0000  0.1052  4.8197 
 2.5389  0.3230  0.0531  0.2367  0.0000  0.0000  0.0000  0.1169  0.0133  0.0003 
 0.0870  0.0283  3.1072  0.0054  0.1029  0.0357  0.0000  0.4574  0.0000  0.0015 
 0.0000  0.0000  0.1383  0.0000  0.0096  0.0000  0.8653  0.0547  0.0317  0.0537 
 1.3978  1.6965  0.0309  0.1610  1.5344  0.0053  4.5626  0.0004  0.4212  0.1474 
 0.1152 10.3789  0.0000  3.2745  0.0000  0.1871 12.6314  0.2507  0.0008  0.2391 
 0.0006  0.0113  0.0094  0.0567  1.0541  0.0176  1.1313  0.0557  0.6495  0.0001 
 0.0563  0.0053  4.1908  0.0532  0.0019  0.3292  4.9055  0.1442  0.0000  0.0192 
 0.0000  0.0139  4.4718  0.0197  0.0000  0.0000  1.6601  2.3457  0.0418  3.9987 
 1.3313  0.1916  0.8020  0.0263  0.0000  0.0027  0.0554  0.7201  2.2358  0.1162 
 0.1526  0.0034  0.0455  0.0257  0.0082  0.5532  0.0002  0.0760  0.0024  0.0788 
 2.3876  0.0141  1.3133  1.3578  0.3352  0.1404  0.1356  1.9084  0.0383  0.0034 
 0.0000  0.0031  0.0053 10.3157  0.0008  0.0006  0.2051  0.1963  0.0005  0.0119 
 0.0003  0.0137  1.1981  0.0422  0.0306  6.6444  0.0327  0.0912  0.0548  5.1882 
 0.0000  0.0559  0.0097  0.0000  0.0000  0.0000  3.5036  0.0449  0.0001  0.0431 
 2.3288  0.0123  0.0528  0.0738  3.4994  0.0000  0.0587  0.0000  0.5516  1.9025 
 0.0155  0.0171  0.0710  1.2473  1.8401  0.0000  0.8546  0.1339  0.0000  0.5339 
 0.3083  0.0000  0.2273  2.2023  0.0051  0.0033  0.0002  5.1216  2.6987  0.0511 
 0.4994  0.0104  0.0177  0.1125  0.0000  0.2365  0.0337  2.5273  0.0088  0.0060 
 0.1285  2.1869  0.0002  0.0000  0.0520  0.2946  0.0293  3.2445  0.0240  0.0068 
 0.0007  0.0699  3.0626  1.0074  0.0210  0.2004  0.0448  0.4143  0.2669  0.0000 
 0.0000  1.0633  0.2529  0.3036  0.0086  0.0000 13.9354  0.6747  3.7833  0.4409 
 0.0406  0.0611  0.0988  2.4671  0.0379  0.0243  0.1247  0.0270  0.0034  0.0191 
 0.0002  0.1722  0.0230  0.1851  0.0044  0.0100  0.0001  4.5988  7.5875  0.0001 
 0.0009  3.9869  0.0116  0.0000  0.5101  0.0000  0.0984  0.8690  0.0022  2.2579 
 0.1373  4.5247  1.3157  0.0000  0.0233  0.0000  0.4985  0.0512  0.0189  0.1186 
 0.0000  0.0000  1.8832  0.0001  0.0007  0.0000  0.0097  0.5913  0.0000  0.6030 
 0.0284  3.0732  1.7934  0.6574  0.0062  1.4206  0.0018  0.0000  0.0000  0.1532 
 0.7747  0.0000  0.0088  0.0494  9.1490  0.0001  1.0922  0.0025  0.0120  0.0766 
 1.4285  0.0002  0.0001  0.0020  0.3310  2.5410  0.3591  0.0000  0.0000  0.1298 
