
Rates for sites

[replicate 1]
 0.0001 11.2304  0.5245  0.0000  0.1283  0.1293  0.2299  2.2877  3.0301  0.3422 
 0.0004  0.0000  1.0861  0.3011  0.3549  0.0399 10.1042  1.2571  0.0480  1.3093 
 0.0940  2.8435  0.7610  0.8108  0.0013  0.0010  0.2485  0.0000  0.0000  0.0012 
 0.0459  0.0000  0.0001  0.0000  0.0074  0.0001  0.3748  0.3105  0.0011  0.0414 
 1.2903  0.0001  0.0020  0.0000  0.0000  5.0979  2.5022  0.0011 14.5653  0.0000 
 0.0000  0.0113  0.0009  0.0525  0.0000  5.4794  5.4599  0.0006  0.0000  2.3173 
 1.4685  1.8421  0.0040  0.6273  1.1027  0.8958  3.2626  0.0000  0.0000  2.4857 
 0.0884  0.0000  0.0001  0.0000  0.0000  4.8314  0.3985  0.0000  0.0069  4.5162 
 2.8609  0.0000  0.1602  1.8256  0.0001  0.2781  1.7367  0.5302  0.4885  0.4054 
 0.0044  0.4240  0.0005  0.0134  0.0083  0.0012  0.8957  0.0058  0.0108  0.0181 
 0.0002  9.1673  0.0000  3.7452  0.0012  0.6092  0.0817  1.7524  0.0024  0.0000 
 0.4426  2.4425  0.2939  0.0316  0.1805  0.0000  0.0086  0.0031  0.9445  0.0014 
 0.2953  4.9448  0.7846  0.0584  9.8476  0.0950  2.2755  2.2265  9.1779  0.0000 
 0.0045  0.0001  1.0673  0.5134  0.0008  0.0001  0.0180  5.6869  1.3358  0.0016 
 0.0588  4.0081  1.4232  3.0480  0.0206  0.0069  0.0032  0.6788  0.4104  0.2399 
 2.9488  0.7859  0.1123  0.0000  2.6586  0.0116  0.0145  6.4445  0.2675  0.4059 
 0.0000  0.0002  0.0019  3.2607  0.0003  0.0581  2.0068  2.7719  1.5206  0.0099 
 0.0703  4.9310  0.0007  0.0000  0.0161  0.6489  0.2206  0.0016  0.0000  0.0689 
 0.0111  0.0004  0.6455  0.0000  0.0245  0.0000  0.9024  0.0010  0.0059  3.9524 
 0.0071  0.0048  0.0506  0.0274  0.0173  1.8347  2.1482  0.0019  0.0483  0.0000 
 0.0539  0.0004  0.0262  0.0000  1.1734  0.2785  1.0688  5.6962  0.2313  0.0010 
 0.0000  0.0008  0.0002  0.3493  0.0003  0.1713  0.5314  0.0174  3.6093  0.1380 
 0.0016  1.2708  1.5568  0.0770  0.5371  0.6261  0.4948  0.2420  0.5663  0.0005 
 0.0002  0.0000  8.7373  0.5707  1.5615  1.4900  4.8054  0.0021  0.0003  3.6633 
 0.0041  0.6358  0.0051  0.0793  0.0652  9.7166  0.0148  0.0001  0.2089  0.0461 
 0.0384  1.7400  0.1778  8.4756  0.0000  0.0000  1.2450  0.0000  0.0000  0.0891 
 1.2480  0.0000  0.1202  0.2632  0.0483  0.0522  0.5514  0.3189  0.1469  0.0898 
 0.2698  0.2381  0.1674  0.0003  1.6327  0.0000  0.0005  0.0281  0.4740  0.0183 
 0.9599  1.5354  2.8252  1.0183  0.0248  0.0014  0.0000  0.0001  0.5416  0.0005 
 2.0993  5.0167  0.0000  0.0000  0.0746  0.0000  0.0128  1.2691  0.0415  6.4865 
 0.0000  0.0002  0.0002  0.1495  0.0100  1.8479  0.0006  0.4234  0.0638  0.7267 
 0.0001  0.0116  3.9791  0.0037  0.0086  0.0000  0.0011  1.2406  0.0000  0.0075 
 0.0582  0.0043  0.3361  0.0202  0.6931  0.0000  0.0001  0.5665  4.9822  0.0716 
 0.0281  7.8123  0.0003  0.0414  0.0000  0.0027  0.0234  0.0973  0.0000  0.0491 
 2.1170  6.8900  0.0331  0.0001  0.0000  0.0000  0.0000  0.3362  2.2198  0.0051 
 0.0014  0.7488  1.7410  0.2831  0.0000  0.0000  0.0085  0.0000  0.1061  0.4280 
 0.0076  0.0331  0.0000  3.8410  0.0023  0.2110  0.2660  0.3240  0.3669  0.5159 
 0.8587  0.0038  0.0471  0.0000  0.0003  0.0135  0.0000  5.7651  0.0096  0.0008 
 0.4412  2.9622  0.0059  0.0178  0.0022  0.7769  6.4262  0.2447  1.5117  0.0000 
 1.1414  0.1267  0.0002  0.0017  0.0301  0.2278  2.2356  0.0000  0.8898  0.5618 
 0.0876  0.0087  0.0003  0.0008  0.0000  0.5922  0.0048  0.0012  0.0000  4.1797 
 0.1803  1.9876  0.0002  0.0000  1.2234  0.0000  4.9844  1.4804  1.0280  0.0000 
 0.2076  0.4394  0.0413  0.0001  0.0275  4.9430  0.0117  0.0046  1.0174  0.0000 
 0.0089  0.0000  0.0147  0.3689  0.0011  0.0135  0.0002 12.4013  0.0000  0.0000 
 0.0311  0.0000  0.2671  0.0699  0.0220  0.0010  1.3432  0.0011  0.0052  0.0241 
 0.9951  0.0018  6.5650  0.0027  0.0000  5.9493  0.1694  9.1498  4.4484  0.0000 
 0.0043  0.0249  0.0363  0.0000  0.0011  0.0108  0.5676  0.0023  0.0317  0.0051 
 0.0008  0.1726  0.0010  0.0244  0.0024  0.1841  4.2303  0.0002  0.0000  0.0000 
 0.0000  1.9750  0.2422  0.9730  3.2691  0.0044  0.0000  0.0010  0.0003  0.0002 
 0.0005  0.0076  0.3011  0.0044  0.1783  2.2146  0.5346  1.7532  0.0009  0.0000 
17.2185  1.0218  0.0779  1.1673  1.2010  0.0203  1.7606  4.9818  0.0224  0.4471 
 0.0579  0.4302  2.2105  0.0049  0.0000  0.0000  2.2649  0.2261  0.7333  0.1264 
 0.0132  0.0032  0.0072  0.0083  0.0042  0.0090  0.1519  0.0000  7.5007  2.6461 
14.8788  0.0000  0.0440  0.0000  0.7876  0.0944  0.0034  0.0000  2.0955  0.3087 
 0.7723  1.4608  0.0025  0.9685  0.0010  0.0062 11.5979  2.8947  5.9805  9.2619 
 0.0961  0.0013  0.0285  0.0108  0.8082 14.9024  3.4692  0.0001  6.2805  0.0004 
 0.0022  0.0000  0.0022  0.2124  0.0001  0.0000  4.8958  2.9413  0.4362  0.0000 
 0.5507  0.5121  0.0000  0.0081  0.0311  0.1059  0.0066  1.2786  1.0720  0.0000 
 0.0001  0.0000  0.0000  8.7771  0.0007  0.6114  0.7307  0.0121  6.9913  0.0067 
 1.5433  0.1619  0.0178  0.0003  0.0270  0.0002  0.0000  0.3623  0.3124  0.0192 
 0.0012  0.0006  0.0000  0.0000  0.0109  1.2751  0.0000  0.2005  1.5582  0.0156 
 0.0042  0.1662  0.0000  9.2517  1.0528  0.0047  0.0000  0.0000  0.6897  0.3788 
 0.0006  0.0025  0.8192  2.0838  0.1709  0.0342  0.0446  0.8644  0.0355  0.0000 
 1.4232  0.0004  0.6171  0.0000  0.0127  0.8662  0.0001  0.0545  0.0236  0.1227 
 0.0592  0.0000  0.2535  0.0022  0.0000  0.0012  0.4620  9.0872  0.5430  0.0368 
 0.3002  0.0000  3.2079  0.0107  0.0121  0.0727  0.0000  0.0040  0.0000  0.0161 
 2.0901  0.1003  0.4232  0.2618  0.6237  0.0005  0.1459  0.0021  0.5120  0.4808 
 0.6084  2.3640  0.0021  0.2718  0.7517  0.3244  0.0033  0.0000  0.0058  0.0079 
 0.9168  2.3934  0.4693  0.6830  0.0102  0.2732  0.3634  0.0067  0.0485  0.0337 
 0.0002  0.0113  0.0014  0.0526  0.2156  0.0151  0.9606  0.3270  0.0122  0.2127 
 0.0000  0.0294  3.6441  3.0220  0.0002  1.2489  0.0000  0.1716  0.1522  0.0298 
 0.0333  1.2195  0.0006  0.0139  0.0012  0.0073  0.0682  0.1150  0.0000  0.0902 
 0.0077  0.0001  0.0051  6.1322  0.0000  1.2114  2.8406  0.0001  0.0000  0.5171 
 0.1520  0.3563  1.5926  1.3717  0.0000  0.0087  0.0024  0.0359  0.0017  0.7369 
 0.0453  0.7547 10.5563  2.1182  0.3153  0.0000  0.0000  0.0851  0.0000  0.4025 
 0.8680  0.0000  0.5029  0.0520  0.0026  0.0000  0.2561  0.5475  0.0000  0.0000 
 0.0002  1.0463  2.8678  0.0000  0.0532 10.0152  0.0000  0.0107  0.0000  0.5149 
 0.0000  0.4823  0.0662  0.1332  0.0453  0.0000  0.5102  0.0025  0.0000  0.0050 
 0.0000  0.0899  0.0003  0.0000  0.0035  5.4144  0.0018  0.0000  0.0150  0.2532 
 0.0142  1.7407  0.0443  0.0045  0.0321  0.8389  0.0000  0.0979  0.2213  0.0000 
 0.2326  0.0000  4.2252  0.0260  0.0000  0.1340  1.2335  0.0003  0.0023  0.0069 
 0.0018  3.5521  1.3275  0.0171  1.2769  0.0974  0.0001  0.0158  0.6708  0.5334 
 0.0099  0.0313  1.6869  4.5746  0.1123  2.3687  0.0002  0.0528  2.7387  1.1271 
 0.3880  0.0450  0.9340  0.0000  0.0000  0.0000  0.1687  0.1294  1.0342  0.1069 
 0.3921  0.7605  9.4901  0.1136  0.3087  0.2300  0.0053  2.5292  0.8808  2.7310 
 0.0000  0.2624  0.3638  4.5224  0.0000  0.0157  4.9392  0.0029  0.0000  0.0000 
 0.0238  0.3868  0.0000  1.6234  0.0000  0.2824  5.1479  0.6713  3.1029  0.5156 
 0.0000  0.0020  8.6292  0.0063  0.0023  0.1098  0.0470  5.3500  0.1529  1.4723 
 0.1927  0.0082  0.2160  2.1964  0.0000  0.0000  1.3800  0.5242  0.4210  0.0014 
 0.0940  0.5432  0.0000  0.1886  0.0000  3.5921  0.1190  0.0002  0.7431  0.3748 
 0.0159  0.0001  0.1455  0.9332  3.5021  0.2002  0.0001  0.0000  0.1911  0.0000 
 3.9958  0.0737  0.0001  0.0078  4.8328  0.0589  0.0284  0.0361  0.0108  2.8713 
 0.0570  0.1281  0.0848  0.0000  0.1525  2.3340  0.0787  0.0009  0.1854  0.3167 
 0.0165  0.0131  4.2453  0.0000  0.0000  0.0003  0.0904  0.5109  0.0000  1.0313 
 0.0025  0.0336  0.0241  0.7471 19.9816  0.0000  4.1465  3.8402  0.0173  4.1289 
 8.3410  0.0004  0.1213  0.0728  0.3255  0.0057 21.2300  2.0248  0.0008  0.0001 
 0.0176  2.3797  0.0692  9.8567  2.9602  0.3100  0.0075  0.1408  0.3657  0.0301 
 0.0738  0.0000  0.8543  0.7646  0.0541  0.0015  5.7612  0.0003  0.0000  0.0031 
 1.9793  0.0175  1.0705  0.9014  0.3995  0.0002  0.0000  0.7086  0.0077  0.0245 
 0.0438  0.0028  0.2765  2.5076  0.5160  2.0750  0.0000  8.2556  0.0004  0.0004 
 0.2456  0.0001  0.0065  0.0000  0.0001  0.0000  0.7093  0.0773  0.0199  0.0841 
 0.5903  0.0356  0.0163  2.7861  0.0010  0.0035  0.1232  0.0001  0.0000  0.3174 
 0.2242  0.1074  2.7582 18.5699  0.0145  6.1849 12.2143  0.0043  0.0375  0.0017 
 0.0000  0.3960  1.8107  0.0323  0.1228  0.0039  0.3083  0.0000  0.0046  9.3614 
 7.3134  0.0000  0.0007  0.0000  0.0697  0.0015  0.0074  0.8452  0.0058  0.0112 
 0.2334  0.0000  0.0000  0.0002  0.2573  0.0911  0.6085  8.7258  0.1074  0.0000 
 0.0012  0.0302  0.0001  0.0000  0.0550  0.0002  0.0471  5.6632  4.6218  0.0745 
 0.0006  0.5740  0.1795  0.2667  0.0047  0.4124  0.0050  0.0015  2.7881  0.0005 
 0.1273 12.2428  0.0769  0.0058  0.0090  1.1870  0.0204  0.0000  1.5313  0.5537 
 0.3487  4.9169  0.3107  0.0103  0.0015  0.1722  0.7136  3.5290  0.0395  0.3570 
 5.9883  0.0382  1.8065  0.0001  0.7112  0.0000  1.2570  0.0000 10.1129  0.0214 
 0.0000  0.0001  0.1083  0.0508  0.3952  0.0000  0.0022  0.0002  0.4516  0.0000 
 0.0347  0.5748  0.5665  0.2496  2.5022  0.4933  0.0269  2.5985  0.0479  3.9076 
 0.4784  0.0004  4.5536  2.2750  0.6046  0.2975  0.2374  0.4982  0.0000  2.1975 
 0.8618  0.4603  0.0073  0.0033  0.7247  3.3988  2.7448  0.0731 11.5822  0.0000 
 0.0036  0.0010  0.0072  0.0000  6.1757  0.0000  0.0367 15.7311  0.0000  0.0473 
 0.0000  0.1026  1.1229  0.0001  0.0037  1.0781  3.7819  0.5822  7.3184  0.4946 
 0.1785  0.5731  7.8797  0.0055  0.0113 10.6583  0.1998  0.0063  0.3809  0.4435 
 0.0013  0.6921  1.5758  2.0237  0.1008  0.0002  0.0000  0.0000  2.0828 14.9003 
 0.3407  0.0033  0.4847  0.0467  0.0000  8.3518  0.0004  0.0000  0.0048  0.6359 
 0.0000  0.0000  0.0001  0.3982  0.3387  0.0005  0.0022 16.8697  0.5227  0.0441 
 0.0282  0.2131  0.3365  0.0000  0.2507  0.1146  1.7647  0.0000  0.6289  3.6993 
 2.1476  0.0000  0.1444  0.0157  0.0156  0.4502  0.0745  0.0572  0.0011  0.0000 
 0.0173  7.8582  0.9932  0.3641  0.0475  2.3525  0.0004  0.0000  0.5311  0.0014 
 4.3083  0.0006  0.0098  0.0363  0.1471  0.0001  0.0000  0.1386  0.1678  0.3965 
 0.0002  0.0000  0.3456  0.0000  0.0000  0.6120  0.1114  0.1364  0.0000  1.2526 
 0.0019  0.0176  0.0008  0.0161  0.1878  0.2211  0.0000  0.0012  0.2451  0.0018 
 0.1418  0.0000  1.4498  0.0022  0.0054  0.0114  3.1646  0.0003  0.0000  0.0428 
 0.5144  0.0000  0.0003  0.0160  0.0025  0.1055  0.0004  0.0774  0.0046  3.1094 
 0.0007  0.0789  1.6718  0.3139  0.0000  0.0126  0.1207  0.0033  0.4549  4.2041 
 0.0000  0.0002  0.8394  0.0217  0.6353  0.0003  0.0194  2.5325  3.3300  0.0192 
 0.0000  0.7385  0.0006  0.0410  0.0129  0.4217  0.1224  0.0420  0.0409  0.0003 
 0.0050  0.5729  0.0118  0.0001  0.2391  2.0438  1.4627  0.8823  0.0005  0.0110 
 3.5040  0.0020  0.1990  0.1293  5.5954  9.2427  0.0053  0.0500  1.5708  0.0003 
 0.0000  0.0000  0.3946  0.0078  1.9962  0.0000  0.0000  7.5078  0.0000  0.0001 
 0.0014  0.0012  6.6123  0.0425  0.0000  0.5373  0.5263  0.0000  0.1808  0.0048 
 0.1105  0.0000  2.7299  0.0044  9.3495  1.8207  4.7988  0.0301  0.1416  0.5781 
 0.0625  0.0956  1.0639  0.0007 15.8071  1.8069  0.3678  0.0076  0.0007  0.4403 
 4.2132  0.2616  0.0000  0.0546  0.2015  0.0000  0.0000  0.4914  0.0231  0.0000 
 0.6855  3.1984  1.6762  0.0000  0.0293  0.6137  1.3617  0.0008  0.9385  0.0000 
 2.5944  0.2387  0.0083  1.2069  2.1260  0.4757  0.0143  0.0181  3.9866  0.0821 
 0.0106  0.0000  2.9018  0.1067  0.0440 10.2848  0.2978  0.0005  0.0017  0.1554 
 0.0077  2.3652  0.0000  1.0309  2.4163  0.0000  0.0015  0.0043  0.0226  0.0573 
 0.0042  0.0002  0.0000  0.0096  0.0719  0.0002  1.3330  4.8589  0.1640  0.0001 
 0.0000  0.2940  2.5801  0.2540  3.3685  0.0701  0.0004  0.0843  0.0425  0.2066 
 3.9999  0.5463  0.0000  0.0098  2.0269  0.0000  0.0000  0.4129  0.0148  0.0006 
 0.1181  0.0000  0.0003  0.1970  0.0000  1.1451  2.8801  0.0025  0.0035  8.9269 
 0.4376  0.0000  1.1588  0.0000  3.3820  1.9434  0.4871  0.8112  0.0023  9.0694 
 0.0000  0.8832  0.0436  1.2916  0.0009  0.1158  0.0000  0.3269  0.0000  5.1053 
 0.2805  0.0606  0.0026  0.2065  0.0006  0.9644  0.1988 12.9172  0.2128  0.0074 
 3.1984  0.0038  0.0013  0.0001  0.7657  2.9333  0.0034  0.2238  1.9766 23.9552 
 0.0150  0.0005  0.0348  0.6333  0.0004  0.0000  0.0002  0.0000  0.0259  0.1183 
 0.0431  3.5848  0.0000  0.0126  0.6444  0.0001  0.0001  0.0334  0.4789  0.0025 
 1.2167  0.0000  0.3467  0.0044  1.0171  0.0008  0.1338  0.0000  2.5970  0.4144 
 0.2839  0.0000  5.0747  1.5434  0.0000  2.2086  0.6406  0.1186  0.0036  0.0049 
