
Rates for sites

[replicate 1]
 0.4152  0.6781 16.2913  0.0000  0.0004  0.6636  0.0000  0.0640  0.0000  0.2207 
 0.0081  0.0967  0.0868  1.4618  6.2638  0.3064  0.3037  0.2370  6.0143  0.0000 
 0.4214  0.0002  0.7886  0.6307  0.0002  0.0110  1.1897  2.1205  0.0057  0.0009 
 0.0019  1.1988  0.0389  0.1475  0.0467  0.0055  0.0476 22.2746  0.0000  0.0307 
 0.0151  0.0054  3.4250  1.1268  0.3529  4.2686  0.0048  3.6487  0.5096  0.0001 
 0.0000  0.0000  5.9160  0.0019  0.0174  0.0281  0.0000  0.0000  0.0382  0.0004 
 0.0029  0.0057  0.0537  0.1041  2.2534  0.0000  0.0712  0.0004  1.9842  0.0254 
 0.0736  0.4663  0.0928  3.4607  0.0018  0.0003  0.1212  0.4599  0.0108  0.0198 
 0.0441  0.0006  0.0118  5.0072  0.0003  0.0168  1.7462  0.1421  0.3480  0.9785 
 0.0565  3.0200  0.1572  0.0004  6.2031  1.4787  0.0109  4.7178  0.0000  0.0000 
 0.0064  0.0000  0.2617  0.7013  0.0007  0.0075  0.0314  0.0121  0.8299  0.0009 
 1.3057  0.0009  0.2405  0.0001  1.1643  1.7770  0.5094  0.0004  0.1039  4.8363 
 0.0089  0.1833  0.5568  0.4913  0.0308  0.0000  0.9910  0.0010  6.7108  0.0000 
 0.1325  0.0001  1.7830  0.0000  0.0020  0.0001  0.0235  2.1663  0.0008  0.1103 
 0.3526  0.0000  2.2006  0.0000  0.0791  0.0115  0.0006  0.0000  0.0079  0.0008 
 0.0005  0.0000  0.0458  0.0334  0.0513  0.1251  0.0095  0.0022  0.0000  0.0000 
 0.0015  0.1018  2.6398  7.1655  0.0000  0.0032  0.3749  0.1169  0.2468  0.0004 
 0.1615  0.0730  0.8969  0.0097  0.0000  0.0393  0.0000  0.0027  0.0351  0.0114 
 0.0010  0.8310  0.7894  4.2726  1.9008  0.0001  0.0000  0.0023  0.0184  2.0796 
 0.0000  0.0264  0.0000  0.0523  0.0067  0.0081  0.0000  0.2490  0.0901  2.2034 
 1.1668  0.0007  0.0028  0.0217  0.0003  0.0067  0.2683  5.8847  0.2600  1.0472 
 0.0014  4.3963  0.0060  3.3524  0.1327  3.1526  2.0749  0.0085  0.0000  0.0303 
 0.0138  0.0002  0.0269  0.0000  0.0003  0.0000  0.3685  2.4228  0.0000  8.6636 
 0.0001  5.7790  0.0004  0.0147  0.0005  0.0000  0.0000  1.0896  0.1799  0.1244 
 0.0060  0.0125  0.0001  0.2100  0.0011  2.0450  0.0000  0.0161  0.0313  0.0715 
 0.4529  0.0397  0.0002  0.2566  0.0000  0.0114  1.2135  0.0000  0.0003  0.0011 
 0.2826  0.0003  2.9864  0.0388  0.0109  0.9581  0.0000  0.0513  0.1663  4.4059 
 0.0006  0.0000  0.0007  1.3770  0.0000  0.0002  0.0000  0.2262  0.6419  0.0000 
 0.0000  0.0002  0.0001  0.1014  0.0006  0.0004  0.0000  1.1985  0.1968  0.0037 
 0.0066  0.0005  3.4588  1.8282  0.6702  0.0681  1.1506  0.0003  0.0016  0.1512 
21.2872  0.0042  0.6909  0.0180  3.1540  0.0321  0.1826 12.1849  0.0055  0.0001 
 0.0000  0.0181  4.1226  0.0593  0.6352  0.0173  0.1966  1.4800  0.0529 10.9020 
 0.0000  0.0000  0.0000  0.0015  0.0001  0.0006  0.0027  0.0082  0.0000  0.0844 
 0.8981  2.4134  0.0000  0.7722  0.5208  0.4795  0.0772  0.0000  0.0067  0.5503 
 1.5767  0.0005  0.0000  0.0000  0.0125  0.0019  0.9192  0.0660  0.1341  0.0001 
 0.0746  0.0641  0.2001  5.1029  1.4693  0.3229  0.0028  0.2984  0.0244  1.9274 
 0.9499  0.0000  0.8871  0.0000  4.4274  0.1129  0.0541  1.7660  0.0029  0.0364 
 0.0010  4.5897  4.0407  0.4729  0.9960  9.1427  0.5251  0.0090  0.0000  0.0000 
 0.0000  0.0000  0.0110  0.8428  0.2621  0.1212  0.5576  0.0287  0.0145  0.3334 
 2.1187  0.0056  1.6987  0.1814  0.0000  0.0004  0.0000  0.0765  0.0000  0.0000 
 0.0000  3.3704  0.0169  0.4016  0.0237  0.0304  0.0366  0.0001  0.0001  0.0346 
 0.2540  5.3875  0.1867  0.0114  0.0001  1.2176  0.1094  0.0000  0.7087  0.1015 
 0.0020  0.0000  0.2067  0.0002  0.2258  0.1198  1.7945  0.0038  0.1056  1.9894 
 0.0001  1.1804  0.0000  1.1055  0.0222  3.9784  0.0144  0.4562  0.3432  0.7283 
 0.0000  0.0000 11.8504  0.0000  0.5062  0.4030  0.0848  1.8307  1.8677  0.0147 
 0.0017  0.1045  0.0033  0.4166  0.0124  0.2264  0.9605  1.3287  0.0172  0.0000 
 0.0363  0.0118  0.0931  8.4431  0.9710  0.0058  2.1190  0.2717  0.0958  0.0090 
 0.0000  0.0643  0.0010  0.9649  3.4220  0.1866  9.5701  0.2709  0.0000  3.3979 
 0.6936  0.0493  0.1385  2.0026  1.0413  0.1351  0.8722  0.0544  0.0000  0.3998 
 0.0041  2.8588  0.0199  0.0823  0.0000  0.1111  0.0004  0.0198  0.0627  0.2386 
 0.0000  0.3151  0.0353  1.8600  0.0019  0.0570  0.0061  1.2015  0.0003  1.3150 
 1.8930  0.5015  1.8407  3.0799  0.0006  0.0285  0.0000  0.0104  2.0194  0.0007 
 0.0134  0.0015  0.0096  0.3336  0.0010  0.0040  0.0030  0.0000  0.0003  0.0169 
 0.0000  3.0635  0.0006  1.2442  0.0103  0.3582  5.8677  0.2910  0.1183  0.0000 
 0.8049  1.2211  0.0000  0.0000  0.0001  0.0000  0.0001  0.0001  1.5292  0.1466 
 0.0669  2.0410  0.0001  0.0016  8.1749  0.0016  5.2862  0.0007  5.8595  0.1347 
 0.0183  0.0448  0.0076  0.1524  0.1676  0.0000  0.0000  0.0004  0.5798  0.0021 
 0.0054  0.0000  0.1625  0.6901  0.0000  0.6341  0.1771  0.5660  1.6049  0.0000 
 4.0449  0.0016  0.2859  0.1899  0.0000  1.8142  0.2214  0.0277  5.7623  0.0000 
 0.0241  0.2820  0.0000  0.0011  5.5686  0.0550  0.4379  3.2407  0.0009  0.0005 
 0.0002  1.1089  0.0006  0.0001  0.0003  0.1034  0.0325  2.6243  0.0000  0.0245 
 0.2021  0.1316  0.0000  0.0000  3.9950  5.1620  1.5818  0.0001  0.0000  8.5865 
 0.0002  0.0010  0.5762  0.0014  1.5142  0.0001  0.1877  1.0327  0.0000  0.0023 
 0.0061  1.7856  0.3004  0.0014  0.0000  1.8542  0.0005  1.8553  0.0011  6.0275 
 0.2948  0.0000  0.0000  0.8405  0.2468  0.2481  0.8513  0.3943  0.2738  3.5697 
 8.6103  0.0027  0.0000  0.2908  1.0657  0.0001  0.0623  0.0000  0.0001  0.7903 
 0.0000  0.0061  0.0000  0.0953  0.5373  6.7212  0.0155  0.0008  0.0267  1.5683 
 0.0013  1.5621  0.0327  0.2940  0.5682  1.4185  0.3202  4.7910  0.0044  0.0000 
 0.8634  0.0004  0.0000  0.0138  0.3487  6.6409  0.2695  4.1416  0.0001  0.8285 
 0.2116  0.0824  4.5371  0.0016  0.0000  0.0133  0.0043  0.5385  0.1233  0.0000 
 0.0058  0.1232  6.1965  0.2130  0.0244  0.3084  0.0024  0.0004  0.0332  0.2463 
 0.0000  0.3859  0.0000  0.3723  0.0312  0.0007  0.1120  0.0000  0.0011  0.0000 
 4.4883  0.5613  0.0000  0.0076  8.5802  5.8133  0.0000  0.3184  0.0095  0.0009 
 5.7432  0.0256  4.0074  0.0137  1.9868  0.0974  0.0978  0.0730  6.3613  0.4578 
 0.3891  0.0134  1.1557  0.0264  7.3005  0.0000  0.0087  0.4639  0.0000  0.0807 
 0.0000  0.0028  0.0113  0.0000  0.7829 11.6466  0.0000  0.0180  0.4928  0.0000 
 6.4708  0.0334  2.2938  0.0006  0.1250  0.0000  0.0003  0.0434  1.7393  0.0000 
 0.0006  0.2662  0.0000 10.6061 15.7873  0.0000  0.0009  2.7513  0.2208  0.0030 
 0.0007  0.0102  0.1132  0.1326  2.7785  0.0003  0.5354  1.9487  1.3187  2.8012 
 0.0885  0.4193  0.3054  0.4807  0.1422  0.0130  0.4364  0.6213  0.0011  3.0913 
 1.8269  0.0000  0.0003  0.0883  0.1016  0.0051  4.3249  0.0617  0.0007  4.6197 
 0.1531  2.8561  0.0000  0.5520  0.0001  0.1648  0.0020  3.4188  0.0926  0.0000 
 3.0522  0.0279  0.9426  1.9098  0.0000  0.0072  0.2941  0.6435  0.7056  3.8360 
 0.3596  0.0001  0.0000  0.0011  0.0006  1.6972  0.0000  0.0151  6.2150  0.0000 
17.9529  1.0400  0.1081  7.5861  0.0034  0.0024  0.0565  0.3667  0.0000  0.0619 
 0.2244  0.0000  1.8264  0.0344  0.0000  0.0011  0.6171  2.5781  6.7899  9.9392 
 0.0000  0.0358  0.0004  0.0005  0.8492  0.0311  0.0003  0.0001  0.0001  0.1320 
 0.0001  0.0003  0.0005  0.4235  0.2457  0.0029  0.0153  0.0000  0.1919  0.4215 
 0.0000  3.7962  0.0000  3.6774  0.0000  0.0016  0.2532  2.4766  0.2448  0.0000 
 5.0055  0.3642  0.0000  0.3985  3.0451  0.0001  0.0000  0.0000  0.0066  0.0000 
 4.9719  0.1524  0.0292  2.0026  0.0004  0.2852  0.0253 11.6578  0.0001  0.2673 
 0.0035  0.0734  0.0000  9.3320  0.2275  0.0000  9.8050  0.0000  0.2181  3.0206 
 0.0000  0.0124  0.1210  0.0000  0.0513  0.0000  0.0000  0.0195  1.9325  1.9932 
 0.0003  0.6714  0.0000  0.0000  0.2429  0.0002  3.5177  0.2023  0.0394  0.0033 
 0.0326  3.6288  0.3628  4.7454  0.0000  0.7283  0.0046  1.4795  0.4261  0.2766 
 0.0871  0.0000  0.0001  0.0000  6.5067  0.9466  0.0000  0.6714  0.0000  0.0298 
 0.3868  0.1623  0.8087  6.7018  0.5811  1.0603  0.4666  0.2233  0.0012  0.0000 
 0.8136  0.0000  0.6412  0.0106  0.2961  0.0072  3.5471  0.0973  1.3267  0.5463 
 0.0053  0.0015  1.8068  4.8638  0.7677  0.4897  0.1741  2.0266  0.2284  0.0000 
 0.0000  0.0003  0.1737  0.5209  0.0331  2.4077  0.0000  0.0000  0.2968  0.0002 
 0.0006  0.0376  0.0002  0.0788  0.0583  2.0852  0.0578  4.1233  0.7643  2.2689 
 0.0000  0.0002  0.0288  0.0000  6.5651  0.0070  0.7507  0.0032  3.6371  0.0006 
 1.9899  0.9053  0.0003  1.1923  0.0042  0.8272  0.0000  9.1500  0.8242  2.1900 
 0.0000  0.0038  0.0029  0.2372  0.0000  0.0127  0.0000  0.0000  0.0002  0.9584 
 0.0000  6.1764  2.7404  0.0170 18.5421  6.8216  0.0139  2.9215  0.0096  1.9703 
 0.0000  0.0003  0.0000  0.0000  0.0829  2.1313  2.7961  0.0000  0.0007  0.0001 
 0.0389  5.7805 19.7280  0.0008  0.0000  0.3493  0.0002  0.0142  0.1851  3.5267 
 0.0000  0.0436  1.1000  1.2645  1.3768  0.8289  0.0111  0.4038  0.0049  0.3456 
 0.0003  0.0014  0.5246  0.0000  0.0315  0.0000  0.0000  0.9247  0.6939  0.0000 
 1.7867  0.9965  0.0836  0.0000  0.8119  0.0000  0.5537  3.0954  0.0082  0.0209 
 0.0031  0.0000  0.0746  0.0000  0.0136  0.0000  0.4861  0.4975  0.1285  0.8941 
 0.0008  0.0000  0.0000  0.3514  0.0000  0.0007  0.3970  0.1054  0.2160  0.0916 
 0.0000  0.8846  0.0000  0.0015  0.2443  0.0010  0.0000  1.0421  0.0694  0.0110 
 0.0000  0.0195  0.1618  0.0000  0.0714  0.0000  0.0039  3.2391  0.0000  0.0003 
 0.0061  0.1574  0.0000  0.0000  0.0454  0.0000  0.0000  0.7647  0.0000  0.0000 
 6.1011  0.0484  1.1562  0.0006  0.0213  0.2056  0.0834  0.0002  0.0974  0.0000 
 0.0858  1.7642  0.0112  0.0000  0.0004  0.9279  0.0173  0.0001  0.0002  0.0000 
 0.0000  0.0002  0.2967  0.0002  0.0335  0.0005  0.4578  0.0000  8.2875  0.0001 
 7.1624 11.0593  0.0017  0.0011  3.3347  1.0864  1.6338  3.3350  0.0008  0.0009 
 0.2359  0.2699  0.9634  0.0000  0.0027  0.0014  0.2568  0.0000  0.0090  0.2991 
 0.0359  0.0359  0.0210  0.4379  0.2739  6.2309  0.0135  0.0001  0.0039  0.0071 
 0.0463  0.0028  0.9976  0.2876  0.1938  0.4809  0.0000  0.0000  0.0000  1.9782 
 1.8804  0.0997  0.5268  0.0231  1.1023  0.0001  0.0001  0.2141  0.8654 14.0552 
 1.6071  0.0019  0.0250  6.9413  0.0001  0.0000  5.4897  0.0000  0.5475  0.9611 
 0.0000  0.0001  2.7518  2.8789  0.0658  0.0197  0.4498  0.0007  0.9932  8.0412 
 1.1837  0.0000  0.0000  0.0071  0.0000  5.7664  0.0000  0.0003 22.8980  0.0738 
 7.6643  0.0031  0.0000  0.0000  0.0000  0.0082  0.0000  0.0019  0.0071  0.0000 
 0.2632  0.0741  0.4197  0.0971  0.0002  0.0000  0.0016  0.8946  0.0010  0.0000 
 1.9520  0.0016  3.9342  0.0027  0.0000  0.0000  0.0077  0.0000  0.0001  3.0709 
 0.0000  0.0410  0.0001 25.5118  0.0000  0.0000  0.9221  0.7641  0.7698  0.0000 
 3.3750  0.0000  0.0057  0.0001  0.9705  2.4696  0.0298  2.5038  0.1159  0.0001 
 0.0002  0.1558  0.0127  0.0066  0.0545  0.0000  0.0017  2.3341  1.0273  0.0005 
 0.9846  0.0021  0.0000  0.2161  0.0000  0.4819  0.9419  0.0567  0.4867  0.0104 
 0.0001  0.0069  0.0001  0.0049  0.0001  0.0000  0.0000  0.0407  0.0010  3.7314 
 0.0000  0.6609  0.0000  0.1619  0.3155  0.0001  2.4070  0.0006  0.0000  0.0004 
 0.0000  0.0736  0.0003  0.0021  0.0022  4.8317  0.1061  0.0107  0.0354  0.0000 
 5.9022  0.0788  0.0010  0.6795  0.0000  0.2765  0.7598  0.0006  0.3032  0.0181 
 0.0198  0.0000  0.6747  0.0611  0.1225  0.0000  0.0086  0.0005  0.1509  0.0035 
 0.0001  0.0361  0.3749  0.0141  0.0000  0.0116  0.4416  2.2520  5.0420  7.2231 
 3.2085  0.0001  0.0561  0.0000  0.0001  0.0029  0.2319  7.8791  0.0868  0.6041 
 1.0983  0.0268  0.2394  0.0240  1.8829  0.9660  0.4390  0.0000  0.0000  0.2068 
 3.6394  1.9821 10.2794  0.0100  1.0756  0.0000  0.0028  0.0028  1.4317  0.0011 
 0.1699  0.0000  0.0001  0.0131  3.3447  0.0000  1.1802  0.0016  0.0507  0.3424 
 0.0141  0.2264  0.0000  0.0123  0.2364  0.0207  0.0000  0.1617  0.0000  0.0020 
 4.4290  3.6384  0.0003  0.0000  0.0275  0.0000  0.0001  4.3358  1.2433  0.0000 
 0.4602  0.0623  0.0176  0.0008  0.2601  0.0018  0.0647  0.0004  2.0963  0.0003 
 0.1215  0.0097  0.0027  0.0757  0.0000  6.0860  0.1928  0.5262  0.8779  3.6255 
 0.1281  5.8857  0.0017  0.1162  0.0026  0.0000  0.0007  4.7177  0.7582  0.0484 
 0.0000  0.0000  0.6346  0.3221  0.0225  0.0000  0.0468  0.0001  0.0041  0.6451 
 0.0448  3.0834  0.0005  0.0000  0.9555  0.0821  0.0006  0.0044  0.0000  0.0000 
 0.0000  0.0219  0.0011  0.0248  0.0825  0.0004  0.1007  0.8673  0.2525  0.0126 
 0.5019  0.0009  0.0000  0.0016  0.0369  0.6034  0.2528  0.6115  2.7423 20.2626 
 0.0000  0.3796  0.0096  0.0320  0.2277 10.8718  0.0000  0.1358  1.7223  0.1911 
 0.0000  0.0136  0.0029  0.8163  0.0244  0.4743  0.0005  0.0521  0.0044  0.0000 
 0.0085  1.7475  0.0000  0.1851  0.0053  0.0407  0.0000  0.0326  0.4101  2.0902 
