
Rates for sites

[replicate 1]
 0.2746  4.2033  0.0046  0.0274  0.0002  0.1511  0.0019  0.0025  0.0028  0.0000 
 0.0014  0.1770  6.8838  0.1968  4.5237  0.0109  0.0015  1.4321  1.1890  0.0009 
 0.5410  1.6455  0.0033  0.0028  0.3086  7.8667  3.0833  0.1552  0.0005  0.2391 
 0.0026  0.0800  0.2379  0.1001  0.0006  0.0004  0.0006  3.4782  0.0000  0.0023 
 0.0018  3.5992  0.1195  0.1096  0.0000  0.4999  0.0001  0.2347  0.6811  1.0303 
 0.0119  2.4736  0.0007  0.0001  0.0001  0.0000  0.4275  0.0006  0.0001 11.0700 
 0.0041  0.4790  1.0798  0.7763  3.8531  4.2915  0.0002  0.0040  0.6127  0.0195 
 1.7847  1.0505  0.0000  0.2113  1.3427  0.0000  0.0655  0.0022  3.0050  0.0000 
 0.6796  0.0005  0.6980  0.0010  3.0951  0.0001  0.0099  0.0000  0.0528  0.1444 
 1.3134  0.3862  0.0397  0.2583  0.0000  0.0050  3.3371  0.6946  0.1042  3.9247 
 0.4540  0.0000  0.0000  0.1053  0.0002  0.0001  0.3927  0.0000  0.0004  0.6191 
 3.2208  0.1379  1.7557  0.0217  4.2112  0.0000  0.0000  0.5422  0.5405  0.0072 
 1.6775  0.1785  0.0639  0.0816  0.1295  5.1545  2.1620  0.8279  0.0000  0.0120 
 0.0131  0.2406  0.0000  0.0000  0.0000  0.4217  0.0002  0.3735  3.9222  0.0000 
 0.0005  0.6462  0.0010  0.0000  0.0000  0.0002  0.4976  0.0094  0.0000  9.8291 
 0.3163  0.8396  6.2356  0.1353  0.0552  0.0053  0.0002  0.7804  0.3013  0.0000 
 0.0006  0.3730  0.1246  7.7162  0.0062  0.0038  4.4251  0.0583  0.2934  0.1417 
 0.0324  0.0000  0.0013  0.0000  0.0696  0.0000  0.1568  0.0003  0.0288  0.0000 
 0.0051  0.0000  0.0000  0.0157  0.3735  0.0873  0.3094  0.0001  1.3857  0.0013 
 0.9915  6.2287  0.0010  0.5167  2.7062  0.0097  0.5707  3.4308  0.0992  0.0001 
 0.0138  0.8417  1.7179  0.0558  1.7585  0.1258  3.8758  6.0265  0.0667  0.0000 
 0.3331  0.0007  0.1361  0.4049  0.2196  0.0002  0.0056  0.1557  4.9429  0.0000 
 5.2803  0.0000  0.0000  0.2656  0.0318  0.1265  0.0166  7.2542  5.4600  0.0001 
 7.2710  3.1517  0.1371  2.1275  0.0023  4.4590  1.2079  1.5011  0.0006  0.0003 
 0.0000  0.0072  0.1752  0.9473  0.0047  0.0095  0.7250  0.0000  4.7855  4.2072 
 0.5103  0.0001  0.4426  0.9243  0.1125  0.0089  5.0504  3.0580  0.0000  0.2287 
 0.7178  0.0001  0.0000  0.0000  1.3497  0.0000  3.4801  0.0346  0.1346  0.0015 
 0.0003  0.0000  0.4127  0.2286  0.0051  0.9947  0.0159  1.9232  0.0000  0.0000 
 0.0114  1.5278  0.0001  0.0000  0.0000  3.5917  0.1365  0.0395  0.0199  0.2368 
 0.0005  0.0007  0.0005  0.0233  0.0079  0.0002  0.0000  0.4705  0.0034  0.0014 
 0.5654  0.0087  0.0001  0.0009  0.4030  0.8289  0.0002  0.0002  0.4122  0.0037 
 0.0000  0.0011  0.0431  0.0012  0.1161  0.9120  0.0408  0.0097  0.2657  0.0000 
 0.0000  0.0048  1.8804  0.0001  0.0184  0.0021  0.0019  0.0007  0.0004  0.0930 
 8.3839  0.1459  0.0130  0.0000  0.0000  0.0012  0.0060  0.0003  5.4505  0.1625 
 0.5773  1.4439  0.0037  0.0065  0.0317  0.0509  0.2872  4.1255 15.5863  0.2134 
 0.3321  0.0000  2.9235  0.0047  3.1535  0.6552  0.0392  0.2134  1.5141  0.0000 
 4.8231  0.0005  0.0001  0.1243  0.0000  0.0001  5.9988  1.5469  0.0014  0.0000 
 3.4074  0.2592  4.0164  0.6555  0.0000  0.1322  0.0744  0.0011  0.0000  0.0258 
 0.0000  0.0379  0.0063  0.0156  5.6032  0.7001  0.0000  0.0000  0.6450  0.0333 
 0.0000  2.1631  0.0000  0.0000  0.0000  0.5395  2.4575  0.2046  1.6957  0.0009 
 0.0019  2.2624  0.0002  0.0064  0.0014  5.5840  0.0079 17.4111  0.6045  0.0239 
 1.8364  0.0482 16.1431  2.2684  0.4295  0.0012  0.0003  0.0000  0.0692  0.0000 
 0.0158  0.3000  0.0000  2.9969  0.7876  0.0000  0.0174  0.3674  5.0017  0.0020 
 2.2912  0.0027  5.5436  0.2170  1.6748  7.5869  0.2711  3.5060  0.0757  0.0390 
 0.0073  0.5707  0.0000  0.0117  0.0001  0.1606  0.2010  0.0021  2.0803  0.5476 
 0.0033  0.0002  0.0000  0.6812  0.0586  0.0294  0.0003  0.4017  0.0000  0.2855 
 0.0512  0.4210  1.8216  0.0000  0.0257  0.1876  4.8260  3.1796  0.0000  0.0003 
 0.0000  0.2791  6.5070  0.1157  0.1817  0.0003  0.0105  0.0000  0.1354  1.0312 
 1.7493  0.0871  0.0039  0.0000  0.0797  0.0004 10.5319  0.0030  0.1107  0.0001 
 0.1053  0.0052  0.0063  0.0326  0.2611  0.2300  0.0005  1.4127  0.0006  0.0000 
 1.1961  0.0009  1.0078  2.4587  3.3187  0.0010  0.0276  2.4274  0.0085  0.0417 
 1.5987  3.1891  1.6410  0.6258  0.6120  0.1131  0.0020  0.1214  1.3824  0.1380 
 0.0000  0.0016  0.1891  0.0000  3.3648  1.7534  0.9893  1.1263  0.0003  0.0034 
 3.5215  1.0029  0.0185  1.1025  0.0017  0.4379  0.0209  0.0000  1.9576  0.9052 
 0.7348  0.0000  1.7221  1.2030  0.0016  0.2431  0.0000  0.3033  0.0000  0.0000 
 0.0000  2.5731  0.0000  0.0050  0.0014  0.0010  0.0145  0.0022  0.2661  7.0462 
 0.0000  2.3278  0.0457  0.0170  0.0002  0.0000  0.0013  0.0000  1.1389  5.1694 
 0.0712  0.0547  2.4294  0.2278  0.6027  0.0000  0.0009  1.5275  0.0192  0.0067 
 0.0000  0.0312  0.0001  0.0016  0.0000  0.0000  0.0000  0.0057  1.9663  0.5682 
 0.0006  1.2721  0.0001  0.2867  1.7817  0.1041  0.0000  0.1075  0.3247  0.1231 
 0.0003  2.6795  4.0367 25.9108  0.0003  0.0000  0.0029  0.0000  1.9364  0.0000 
 0.6933  0.1108  0.3372  0.1517  0.0737  0.3677  0.0000  0.0009  0.5215  0.0008 
11.1299  4.6880  0.4990  0.5792  0.0041  1.4467  2.1725  2.4105 11.7199  0.6532 
 0.3175  0.7565  0.0038  0.0456  0.0000  0.0000  0.0001  0.0000  0.1056  0.0027 
 0.0715  0.0012  6.2093  8.8435  0.0237  0.0000  0.0005  2.4079  4.2764 10.4186 
 0.0021  0.0010  0.0022 26.5917  1.0173  1.7353  0.3012  0.5316  0.8387  0.0000 
22.9779  0.0000  0.6807  5.1270  0.0029  0.3866  3.0041  0.0761  4.2988  0.0008 
 1.5175  0.0034  1.2918  0.0000  5.2191  0.7730  0.0000  0.0282  0.0006  0.3547 
 0.0109  3.3119  1.4837  0.0032  0.0219  3.1011  0.1824  0.0001  0.1617  0.0000 
 0.0040  0.0000  0.1054  0.2810  2.2640  4.8720  0.0010  0.1957  0.0000  0.0707 
 0.0000  0.0057  0.0044  0.0411  0.1750 12.3859  2.9806  0.2362  1.2528  0.7461 
 0.0302  2.0730  1.4180  0.0139  0.0017  0.0000  0.1267  3.3251  0.0001  0.0066 
 2.7122  0.0005  0.0380  0.1102  0.0694  0.0241  0.0034  1.4070  0.7259  2.2023 
 0.0123  0.0021  0.0554  0.1824  0.1597  0.3760  1.4374  0.0003 12.0886  0.0018 
 1.1368  6.1770  0.0000  4.2395  0.0000  0.0000  0.0000  3.6613  0.0013  4.1702 
 0.7627  0.0000  0.0000  0.1006  2.5907  0.7094  0.1465  0.0000  6.1852  0.7952 
 0.0045  1.4568  0.0702  0.0032  4.0751  0.0159  0.0000  0.0000  0.1507  0.0000 
 0.4389  0.0000  0.0669  0.0002  0.1511  0.0022  0.0086  0.4239  0.3558  0.1165 
 0.2633  1.2266  0.0000  0.0133  6.4001  0.0310  0.0012  0.0000  0.0000  0.0000 
 0.0000  5.4584  0.0007  0.0000  0.0001  0.1713  6.7037  1.0164  0.0032  0.0351 
 0.0000  0.0037  0.5349  0.0271  4.2116  0.1743  0.7678  0.0930  3.6161  0.0018 
 0.3734  0.5461  0.0000  0.0033  1.4187  1.4498  0.0442  0.0000  0.0000  1.7036 
 0.0000  0.0356  0.0000  0.0275  0.4931  0.0000  2.1352  0.7543  0.3482  6.8582 
 0.2299  2.2212  0.0000  0.0033  0.1080  0.0084  0.0589  0.0581  0.0177  0.0258 
 0.5287  0.0006  4.0770  0.0011 13.4096  0.0562  0.0001  0.1805  0.3665  0.0000 
 0.2821  1.6547  0.6578  0.0000  2.7945  2.1948  0.0000  0.1793  0.0276  0.0020 
 0.0000  2.3186  0.0241  0.0278  0.8099  0.0000  0.1018  0.0085  0.0000  0.1425 
 1.1253  0.3489  1.1201  0.4355  0.0004  0.0033  0.2494  2.0556  2.6351  0.0000 
 0.0000  1.0692  0.0000  0.5374  0.2816  0.0000  0.0047  0.0024  0.8763  0.0154 
 0.0026  0.0000  0.6493  0.0011  0.0099  0.0000  0.0499  0.0160  0.0000  0.3115 
 0.3393  0.0000  1.1272  0.0001  0.0423  8.2892  0.0000  2.1225  0.5214  0.6113 
 0.0008  5.2290  0.0000  0.0008  0.0000  0.0000  0.6358  0.0012  0.0320  0.0012 
 0.0004  2.7306  0.0001  1.8176  0.0001  0.0001  0.0000  0.0183  0.2072  1.7023 
 0.0002  0.0000  0.4348  0.2182  1.7137  0.0000  0.4127  0.0007  0.0000  2.5060 
 1.0851  0.0458  0.0937  0.1145  2.6439  8.6118  0.2796  0.3443  0.0120  0.0261 
 0.0656  0.2025  0.2445  0.0148  1.5251  0.0137  0.0235  8.8782  0.0000  0.2234 
 0.1061  3.5905  0.0001 10.9596  0.0000  0.0021  0.1372  0.1630  3.9874  0.8136 
 0.1543  0.0011  2.3822  0.0017  0.0005  0.0142  0.0000  0.0002  0.0564  2.3011 
 0.0006  0.0500  0.3713  4.3056  1.0740  0.1435  0.0844  0.0000  0.0504  0.0002 
 0.0048  0.0314  0.1601  3.5508  0.3817  0.0039  0.0002  0.0012  0.0003  3.0752 
 0.0000  0.8194  0.0000  0.0013  0.0296  0.4402  0.0000  0.0033  1.7608  1.7058 
 5.6347  0.2148  0.0110  0.0003  0.0001  0.1601  0.7064  0.0374  0.2875  0.2375 
 0.2103  0.0607  0.0071  0.0014  0.0003  0.0000  0.0000  2.9101  1.4525  0.0000 
 0.0155  0.0000  0.0460  0.0899  0.0000  0.0005  0.0006  0.0025  0.0072  0.9404 
 0.0005  1.6028  0.5051  0.0806  0.0021  0.0155  1.5003  0.0427  1.9256  6.4595 
 0.1168  0.1815  2.2100  0.0027  0.2360  0.0000  0.0035  0.0451  0.1939  1.6112 
 0.0509  0.2091  0.7286  0.5255  0.0419  0.0000  0.0003  1.7049  0.0000  0.0034 
 0.0233  0.0290  1.0563  5.5841  0.9908  0.0626  5.3118  0.0038  1.6162  0.0000 
 0.1088  0.0000  0.0000  0.0001  0.0067  0.0091  0.1000  0.0133 16.2886  0.0785 
 2.0743  0.0305  0.0003  0.0985  0.5438  0.0162  0.5514  0.0186  0.0136  0.0021 
 0.1084  0.0149  0.0260  0.7330  0.0114  0.0248  0.0348  0.0050  0.0785  0.6509 
 0.1146  0.0004  3.4654  0.3575  0.0000  0.0250  0.1787  0.0003  0.0335  0.0010 
 1.6806  0.0000  0.2042  0.0482  0.0000  0.0168  1.3847  0.0002  1.6522  0.7676 
 1.2777  6.9243  0.5472  0.0279  0.0000  0.0999  0.0007  0.0192  0.0001  0.1293 
 0.0000  0.0026  0.2916  0.0005  1.7102  0.8886  0.0000  0.0779  0.0042  0.8091 
 1.4864  0.0011  0.0001  0.0000  0.0000  5.3750  1.2050  0.0000  0.0267  1.6726 
 0.0086  0.5164  0.0165  0.0021  0.0526  0.0344  0.0000  0.0263  0.0008  0.0000 
 0.0000  0.3399  0.0044  4.3790  0.0028  0.0026  0.0001  0.0000  0.0515  1.6514 
 0.0000  0.0335  0.1782  0.4460  0.9246  0.0331  0.0064  3.9569  3.8204  0.0691 
 0.0000  0.0000  1.6986  0.0027  2.2899  0.0300  0.0006  0.0029  0.8761  0.0009 
 0.0015  2.4521  0.7268  0.0000  0.0000  0.0004  0.2884  0.0019  0.0007  0.0241 
 0.0000  0.0312  0.0062  0.2771  0.0000  0.0026  0.0861  0.4398  0.0355  0.2027 
 2.3685  0.0059  0.0000  0.0219  0.0006  0.0001  0.0022  0.4984  0.0004  1.5770 
 0.0149  0.0549  0.0001  0.0467  0.1551  0.1208  0.1483  0.0150  0.0422  0.0003 
 0.0000  0.0000  1.7482  0.0000  1.5472  0.0001  4.6033  0.0065  0.5419  0.0059 
 0.0058  0.0001  0.6932  0.0016  0.0000  0.3612  0.0650  0.0000  0.0000  0.0000 
 0.0003  0.0000  2.9347  0.1807  0.0671  1.0812  4.8102  0.0000  0.0000  3.2540 
 0.0112  0.0447  0.4383  0.0000  1.0389  0.0724  0.0508  0.0025  5.9311  0.0106 
 0.0006  3.3572  3.2286  4.9120  0.3685  2.6077  0.0000  0.0045  0.7023  0.1030 
 0.0327  0.0426  0.0000  0.0000  0.4694  0.6247  0.0226  5.9648  0.0025  0.0000 
 0.0112  0.9451  0.1669  0.3845  0.0100  0.0795  0.0000  0.0274  0.0008  1.0931 
 0.0000  0.2991  0.0001  0.0090  1.7563  0.0000  0.1231  0.6099  0.0001  0.1586 
 0.0000  0.0170  8.9475  0.0000  1.2509  1.0111  0.0671  0.8726  3.0981 12.8707 
 0.6743  0.6795  2.1232  0.0038  0.0198  0.1835  0.0119  6.5888  0.8804  2.6454 
 0.0000  0.0483  0.0486  0.1444  0.0001  1.5461  1.3362  3.0620  0.0001  0.0031 
 0.0367  0.0000  0.0000  0.0018  0.0000  0.0443  0.0000  1.5465  0.0468  0.0305 
 1.0778  0.0123  0.0013  0.2013  8.6909  0.0000  3.0902  0.1159  3.0364  1.2588 
 0.0000  0.3618  0.2661  0.4587  1.1608  0.2037  0.0003  0.0002  0.1671  0.0005 
 0.0000  0.0006  0.1852  0.0000  0.0000  0.0000  0.9701  0.0011  0.0001  0.1584 
 0.0492  0.0000  0.6141  0.5212  0.0000  0.0000  0.0000  0.0000  0.0000  0.1350 
 0.0100  3.6236  2.6800  0.0320  0.6048  0.0511  0.0000  1.5320  0.0038 11.3400 
 0.5316  1.9967  0.0001  0.2696  2.8314  3.2518  0.0003  0.0079  0.0014  1.2761 
 0.0349  0.0261  0.0381  0.0064  0.0006  0.7696  0.0005  0.0002  0.0000  1.7944 
 0.0002  0.4111  0.4876  0.6650  1.3470  0.0661 21.8908  0.0002  0.0001  0.0029 
 0.0002  0.0000  1.3847  0.0004  0.0113  2.0479  5.2608  0.0004  0.0000  0.0039 
 0.0000  0.8015  0.0000 23.7211  0.0642  4.6213  0.0057  0.0000  5.3469  0.2224 
 1.3308  6.3489  0.0704  0.0006  0.0330  0.0000  0.2502  3.7121  0.0000  0.2890 
 0.2850  0.8335  0.0026  0.1366  0.0318  0.0445  0.3337  0.0257  0.0049  0.9255 
 0.0075  0.0002  0.0000  0.6901  0.0000  0.0578  1.8474  1.0645  0.0055  0.0013 
 0.0000  0.0000  1.2156  1.5888  0.8344  0.5280  0.4154  0.1036  0.0010  1.8737 
 0.3972  0.0404  0.0197  7.3168  0.2053  0.5945  0.6229  0.9286  0.0286  3.1085 
 0.0159  0.1613  1.2725  0.0000  1.3200  0.1690 17.1632  0.0038  0.0000  0.0297 
 0.0421  0.0006  0.0099  1.2128  0.0186  0.0004  0.0536  0.2629  0.0020  0.0010 
 0.0208  0.1175  1.0470  0.2089  0.0007  0.0010  4.4047  0.6825  0.0006  0.1174 
 0.0386  0.9403  0.0000 12.1701  0.0014  0.0178  0.0000  1.0274  1.2352  5.2260 
