1686264269965 1.095704436302185 0
1686264421269 0.361523300409317 1
1686264557468 0.19070696830749512 2
1686264694455 0.1537325382232666 3
1686264831980 0.13394704461097717 4
1686264968552 0.11927895247936249 5
1686265118220 0.15414391458034515 6
1686265256277 0.11375100910663605 7
1686265397698 0.0988297164440155 8
1686265537866 0.12815313041210175 9
1686265679495 0.0972607359290123 10
1686265836970 0.08319512754678726 11
1686265975228 0.0886463150382042 12
1686266111913 0.07713975012302399 13
1686266248676 0.08212380856275558 14
1686266385115 0.08885762095451355 15
1686266533883 0.06848887354135513 16
1686266674059 0.06412205845117569 17
1686266817712 0.06116018816828728 18
1686266960210 0.06239711120724678 19
1686267099819 0.06422840803861618 20
1686267254873 0.06517599523067474 21
1686267391623 0.08095914870500565 22
1686267528353 0.07552289962768555 23
1686267664232 0.05610988661646843 24
1686267800746 0.0585610531270504 25
1686267952083 0.054668884724378586 26
1686268092581 0.061440359801054 27
1686268232975 0.0545608252286911 28
1686268368656 0.06561595946550369 29
1686268504635 0.06203548610210419 30
1686268656374 0.0829746276140213 31
1686268794012 0.06523363292217255 32
1686268931002 0.05795583128929138 33
1686269069686 0.0549519918859005 34
1686269207238 0.048995491117239 35
1686269358513 0.05238952860236168 36
1686269495723 0.055690087378025055 37
1686269631982 0.049661993980407715 38
1686269769521 0.04526790603995323 39
1686269905862 0.04969970881938934 40
1686270059587 0.04942231997847557 41
1686270204325 0.04755261540412903 42
1686270349564 0.04447447508573532 43
1686270490970 0.044942185282707214 44
1686270634787 0.04697727411985397 45
1686270793633 0.043653640896081924 46
1686270937642 0.04502012953162193 47
1686271080218 0.0425463542342186 48
1686271219767 0.04368656128644943 49
