1686264269968 0.43629688024520874 0
1686264421271 0.9078330993652344 1
1686264557470 0.9649031758308411 2
1686264694458 0.9753871560096741 3
1686264831982 0.9805953502655029 4
1686264968556 0.9842919111251831 5
1686265118223 0.9773421883583069 6
1686265256280 0.9851548075675964 7
1686265397701 0.9888591170310974 8
1686265537870 0.9833144545555115 9
1686265679499 0.9889620542526245 10
1686265836974 0.991740345954895 11
1686265975231 0.9909923076629639 12
1686266111917 0.9931967258453369 13
1686266248680 0.991791844367981 14
1686266385119 0.9905133843421936 15
1686266533889 0.9941624999046326 16
1686266674063 0.9950727224349976 17
1686266817715 0.9953299164772034 18
1686266960213 0.9950370788574219 19
1686267099822 0.994629442691803 20
1686267254876 0.9943681955337524 21
1686267391626 0.9918392300605774 22
1686267528355 0.9924052357673645 23
1686267664236 0.9957574009895325 24
1686267800749 0.9952547550201416 25
1686267952085 0.995698094367981 26
1686268092584 0.994534432888031 27
1686268232979 0.9955950975418091 28
1686268368660 0.9939367175102234 29
1686268504637 0.994229793548584 30
1686268656378 0.991043746471405 31
1686268794016 0.9937824010848999 32
1686268931006 0.9950767159461975 33
1686269069690 0.9955199956893921 34
1686269207241 0.996370792388916 35
1686269358517 0.9958286285400391 36
1686269495726 0.9953141212463379 37
1686269631986 0.9961848855018616 38
1686269769525 0.9968022704124451 39
1686269905865 0.9960779547691345 40
1686270059590 0.996252179145813 41
1686270204328 0.9963628649711609 42
1686270349568 0.9969130754470825 43
1686270490973 0.9966558218002319 44
1686270634792 0.9963511228561401 45
1686270793636 0.9968220591545105 46
1686270937646 0.996699333190918 47
1686271080220 0.9968299865722656 48
1686271219772 0.9966239929199219 49
