1686264269970 0.003 0
1686264421274 0.2798888888888889 1
1686264557472 0.6083333333333333 2
1686264694460 0.709 3
1686264831985 0.7613333333333333 4
1686264968559 0.796 5
1686265118225 0.7245555555555555 6
1686265256282 0.8 7
1686265397703 0.8436666666666667 8
1686265537873 0.7846666666666666 9
1686265679503 0.8533333333333334 10
1686265836978 0.8831111111111111 11
1686265975233 0.8717777777777778 12
1686266111920 0.8991111111111111 13
1686266248682 0.886 14
1686266385123 0.8694444444444445 15
1686266533891 0.9143333333333333 16
1686266674067 0.9234444444444444 17
1686266817717 0.9282222222222222 18
1686266960216 0.9245555555555556 19
1686267099826 0.9176666666666666 20
1686267254878 0.9144444444444444 21
1686267391629 0.8885555555555555 22
1686267528357 0.8936666666666667 23
1686267664240 0.9365555555555556 24
1686267800751 0.9285555555555556 25
1686267952088 0.933 26
1686268092587 0.9225555555555556 27
1686268232983 0.9358888888888889 28
1686268368663 0.9121111111111111 29
1686268504639 0.9177777777777778 30
1686268656381 0.8802222222222222 31
1686268794018 0.913 32
1686268931010 0.9292222222222222 33
1686269069692 0.9368888888888889 34
1686269207244 0.9468888888888889 35
1686269358519 0.9415555555555556 36
1686269495729 0.9318888888888889 37
1686269631990 0.9444444444444444 38
1686269769528 0.9546666666666667 39
1686269905867 0.9455555555555556 40
1686270059593 0.9483333333333334 41
1686270204330 0.9496666666666667 42
1686270349570 0.9546666666666667 43
1686270490975 0.9504444444444444 44
1686270634795 0.9515555555555556 45
1686270793638 0.9546666666666667 46
1686270937650 0.9513333333333334 47
1686271080223 0.953 48
1686271219776 0.9506666666666667 49
