1686264269974 16.81016731262207 0
1686264421276 68.83977508544922 1
1686264557475 66.99993133544922 2
1686264694462 64.16399383544922 3
1686264831988 61.84668731689453 4
1686264968563 59.92241668701172 5
1686265118227 63.415863037109375 6
1686265256285 58.70671081542969 7
1686265397706 55.420074462890625 8
1686265537875 59.20389938354492 9
1686265679507 53.99332809448242 10
1686265836981 51.20345687866211 11
1686265975236 51.406166076660156 12
1686266111924 49.36338424682617 13
1686266248684 48.61315155029297 14
1686266385126 48.58100128173828 15
1686266533894 45.01856994628906 16
1686266674071 43.98818588256836 17
1686266817719 42.20273208618164 18
1686266960218 41.80885696411133 19
1686267099829 42.065982818603516 20
1686267254880 41.65177536010742 21
1686267391631 43.3154182434082 22
1686267528361 43.70869445800781 23
1686267664243 38.84819793701172 24
1686267800753 38.4700813293457 25
1686267952090 37.38474655151367 26
1686268092590 38.0906867980957 27
1686268232986 36.24747848510742 28
1686268368667 37.89719772338867 29
1686268504642 38.05085754394531 30
1686268656385 40.82966232299805 31
1686268794020 39.342384338378906 32
1686268931013 36.89261245727539 33
1686269069694 35.51438903808594 34
1686269207246 33.92393112182617 35
1686269358522 34.45261764526367 36
1686269495732 34.59022903442383 37
1686269631992 33.47631072998047 38
1686269769532 31.855205535888672 39
1686269905869 32.8756217956543 40
1686270059595 32.502811431884766 41
1686270204332 31.50094223022461 42
1686270349572 30.8571720123291 43
1686270490977 30.786901473999023 44
1686270634798 30.2080078125 45
1686270793640 29.408424377441406 46
1686270937653 29.63905906677246 47
1686271080225 29.17254638671875 48
1686271219779 28.797651290893555 49
