
Rates for sites

[replicate 1]
 2.4184  0.0029  0.0013  1.2410  0.3207  2.4302  0.8797  0.0340  0.0000  0.0077 
 0.4141  0.0000  0.0000  4.7900  0.0794  1.5394  0.0000  0.6658  0.0025  0.0000 
 0.0000  0.0001  0.0060  1.0626  0.0343  0.0047  0.1127  0.0000  1.4242  0.7840 
 0.0406  0.2357  0.0020  3.3149  0.4058  0.0242  0.1618  0.0000  0.0542  0.2897 
 0.0004 12.4102  0.0123  0.2405  1.2206  4.6227  0.0286  0.0001  0.0077  0.0256 
 0.0000  0.0015  0.0000  0.5334  0.0039  0.0071  0.3026  1.3050  0.0197  0.2261 
 1.6001  0.0280  0.0402  1.7956  0.0017  0.0000  2.5143  0.0328  0.0019  0.1081 
 0.0463  0.0544  0.0042  3.8489  0.0000  0.2389  4.0486  0.3179  0.5227  0.0025 
 0.0310  0.0976  0.0379  0.0462  5.5149  0.1983  0.1340  0.0027  1.9898  4.5901 
 0.0374  0.0108  0.0000  8.6933  1.1251  0.0026  1.8564  4.1346  0.0000  0.0195 
 0.1342  0.0001  0.0023  0.1888  2.3938  0.2799  0.0002  0.0082  0.5473  0.0000 
 2.3712  0.0000  0.0120  0.1107  0.0053  0.0000  0.1051  0.0924  0.6457  0.0029 
 0.0001  3.5163  0.0019  0.7992  0.0647  0.0003  0.0012  0.0003  0.0000  0.0000 
 3.0104  0.0000  0.0029  0.0119  0.0511  0.0343  0.0077  0.0000  0.0897  0.1501 
 0.0448  0.3972  0.0007  0.2632  0.0000  0.9749  0.0000  0.3765  9.8225  0.9337 
 0.0645  0.0010  0.0475  0.0081  6.5077  0.0359  8.9680  0.0501  0.0054  0.1759 
 0.8628  0.0011  0.0035  0.0002  0.0007  1.0173  0.0001  2.8113  0.0000  0.0785 
 0.0524  1.0623  0.8173  1.0236 12.4776  0.0000  0.0009  0.9099  0.0769  0.3872 
 0.0699  5.4119  0.8236  0.0103  5.8786  3.8011  2.1274  0.0030  0.3621  0.5703 
 0.7212  0.0008  0.0050  0.0011  2.9098  4.8570  0.0166  0.2579  0.0001  0.0796 
 0.0089  0.0000  0.0028  0.0609  0.0041  0.0000  0.3949  0.1735  0.0048  0.0010 
 0.2747  0.6893  0.0000  0.0005  0.0003  0.0000  0.0000  0.0045  0.7681  0.0017 
 0.0000  0.0516  0.1605  0.0015  0.3375  2.6430  0.1695  0.0653  0.0005  1.0989 
 0.0060  2.1442  2.9620  0.0113  0.0046  0.0040  2.2252  0.0068  0.2432  0.0126 
 0.0001  0.0000  0.0513  0.0115 24.9312  0.5896  5.4762  0.4343  0.0000  2.0090 
 0.5416  0.0000  0.9220  0.0039  0.0000  0.6699  0.0422  0.0351  3.9776  0.1014 
 1.2070  0.0000  0.0061  1.4402  0.0001  0.9796  0.0002  0.0000  0.0320  0.1348 
 4.1354  0.0000  0.0000  0.0009  0.3145  0.0000  9.8665  0.0003  0.0000  2.9498 
 0.0276  0.0000  0.5380 10.5825  4.7780  0.0000  0.0000  0.0307  0.0077  2.8103 
 0.0792  0.0005  0.0045  2.7182  0.0000  0.0002  0.0061  0.0000  0.0308  0.0006 
10.1344  0.0004  0.1740  8.1990  0.4807  0.0004  0.0035  2.0444  0.1632  0.0026 
 0.0123  1.6156  0.0697  0.0000  9.3247  1.8111  3.7110  0.0000  0.0000  0.1196 
 0.0000  0.0012  0.7101  7.2270  0.0002  0.0003  0.0000  5.7181  0.0124  0.4394 
 2.9731  0.0024  0.0000  0.0097  0.2922  0.0978  0.0070  6.5493  0.0000  0.0015 
 0.0001  0.0323  0.0256  0.0057  0.0036  0.0008  0.0219  0.0275  1.3703  0.0026 
 1.0988  0.0004  0.0897  0.9115  1.2184  0.0184  0.3576  9.7198 19.0136  0.0041 
 0.2390  0.0057  7.1043  0.9575  0.1112 10.5068  8.0386  0.0000  3.5231  0.0010 
 3.1485  0.3756  0.0000  1.5239  0.0000  0.0000  0.0037  7.3209  0.0551  0.0015 
 0.0000  0.0811  0.1865  0.0033  0.0001  0.0174  0.0024  4.9059  0.0090  0.8517 
 0.0004 15.7301  0.9971  0.0008  0.4385 11.6637  0.3781  0.0020  0.0001  0.4748 
 0.0002  1.7212  0.0178  0.2342  0.0000  1.0591  5.2100  0.0000  0.0013  0.0066 
15.2012  0.0344  1.6785  0.0322  0.0062  0.1985  3.7838  0.0116  0.0002  1.1745 
 0.0095  0.0221  0.0005  0.3450  0.0001  3.0141  0.0161  7.0248  0.0001  0.0610 
 0.1999  7.4023  0.3857  3.0710  0.0000  0.1405  1.7169  0.0264  0.6103  0.2526 
 0.1452  0.1549  0.9125  0.0354  0.0000  0.0288  0.0000  0.0558  0.0494  0.0000 
 0.0991  0.1863  0.0008  0.0065  0.0035  3.1191  0.0001 14.3763  0.0002  0.1715 
 0.0378  0.7163  1.6702  0.0162  0.0005  0.0954  2.2034  0.0001  0.0079 11.8305 
 0.0001  0.0103  0.2522  0.0000  0.4393  0.3410  1.9005  0.5871  0.0508  0.0095 
 0.0996  0.4702  0.0579  0.0674  0.0000  0.0529  0.0001  0.0591  0.0117  0.0004 
 0.4705  0.0202  0.0008  1.2028  1.6359  4.5779  3.7250  0.0033  0.0006  0.0292 
 0.0215  0.0009  0.0043  0.2398  0.0002  0.0650  0.7632  7.5137  0.0046  0.0000 
 0.5784  0.0640  0.0463  0.0061  0.6052  0.0032  0.1853  0.0223  0.0002  0.0027 
 2.4487  0.0011  1.1680  0.0622  0.0000  0.0392  0.0170  0.0544  6.0372  0.0336 
 0.0000  0.0015  0.7941  0.0094  0.7090  0.4280  0.0000  2.0384  0.0626  0.2966 
 0.2235  0.7347  0.0024  0.5164  0.0007  0.0000  0.0000  0.4913  2.0214  0.0024 
 0.2258  0.0968  0.0031  7.3567  0.1828  0.1243  2.2568  0.0046  0.0008  0.9130 
 1.4293 11.1171  0.9071  0.0174  0.9509  0.0693  0.0000  3.1055  0.0049  4.2661 
 2.1536  0.0081  0.2629  1.6317  0.7736  0.0404  2.6531  0.1231  0.0000  4.7229 
15.3233  0.0652  0.0675  0.0128  0.2282  0.0098  0.0010  1.3533  0.0000  0.0000 
 0.0183  0.0510  1.0981  0.0005  0.2089  0.0005  0.0003  0.1966  0.0153  0.1677 
 0.0203  0.0035  0.0045  0.1583  0.8656  0.0000  0.4047  5.6255  0.0000  0.7288 
 3.3366  1.4919  0.0514  0.0001  1.6915  0.0110  1.1521  0.0045  0.0111  0.0001 
 0.0000  0.0000  3.9443  0.5554  0.6975  0.0876  0.0050  0.2729  0.0393  0.0000 
 0.0010  0.0001  0.0073  3.0323  0.0003  0.2128  0.0000  1.1579  0.0000  2.7984 
 7.1488  0.8134  0.0337  0.9843  0.0004  0.7626  0.0001  0.0115  0.0685  0.0024 
 2.9259  0.3126  0.1906  0.0007  0.6563  0.0030  0.0871  0.0187  0.0175  0.0001 
 9.4048  1.9659  0.0264  1.5647  0.0000  1.2565  0.1236  0.1562  0.2319  0.0000 
 0.0214  0.1497  0.1894  0.0878  2.2427  0.0009  2.6759  0.0002  0.0000  1.3574 
 1.9814  0.5774  0.0032  0.0019  1.1367  0.0243  0.0000  2.5154  5.7515  0.0029 
 0.0026  0.0087  0.4862  2.1025  0.0905  0.1466  0.0000  0.0008  1.7734  0.2944 
15.5352  0.0864  0.8523  0.0001  5.7230  0.2606  0.0004  0.0000  0.0154  0.1137 
 0.5322  4.7117  0.9403  4.2671  0.9356  6.8375  0.1316  1.1061  6.0782  0.1108 
 0.0000  0.0002  1.6534  0.0001  0.0022 12.7631  4.4993  0.0000  0.0065  6.9837 
 0.0000  1.1214  0.7487  6.7688  0.0000  1.5873  0.0259  2.5243  0.0005  0.0004 
 2.4274  0.0686  0.0364  0.0105  0.1306  0.0029  0.1069  0.0133  0.5544  0.0000 
 1.8318  0.0011  5.8543  1.6022  0.0848  0.0026  1.5246  0.2649  0.0259  0.5608 
 0.0000  0.9936  0.2932  0.0005  0.7756  0.0474  0.0834  2.1196  0.0000  0.2757 
 2.5754  0.4645  0.0000  0.3523  0.0229  0.8462  0.3164  0.8895  0.0000  0.1744 
 0.0550  0.0489  0.0050  0.0124  0.1755  0.0010  1.8263  2.0226  0.0000  0.9872 
 0.0037  0.0009  0.0213  0.8949  2.4620  0.0000  0.0419  2.3790  1.2654  0.0000 
 0.0001  2.0162  0.0016  0.4799  0.0007  0.3294  0.0003  0.0000  0.0616  0.0000 
 0.0046  0.0001  0.0000  0.6526  1.3320  0.0217  0.7646  0.0005  0.0000  0.0549 
 0.0000  0.1143  0.0005  0.0561  0.0000 10.0902  4.2608  0.0331  0.0003  0.0033 
 2.0507  2.7972  0.1393  0.1700  0.0598  9.6087  0.6411  1.0945  1.1707  0.0364 
 0.6386  0.0003  0.1091  0.0003  3.3732  0.2310  1.3728  0.0128  0.1370  0.0022 
 0.0000  0.0000  0.0059  0.0068  0.0000  0.0000  0.0000  0.4808  0.0091  0.0000 
 0.8978  0.4990  0.0000  0.0079  0.0001  0.0057  0.0000  1.5585  0.0136  0.0505 
 0.0004  3.0807  0.0000  0.0009  0.0020  0.0051  0.0069  0.0112  0.0038  0.2776 
 0.0000  4.5894  4.1284  0.0175  0.0017  0.0063  0.0000  0.0060  0.0000  2.2428 
 0.0004  3.1340  0.0679  1.5048  0.2592  0.0000 12.3383  0.3185  0.0043  2.0572 
 0.0000  2.4848  0.0044  0.0004  0.0049 23.7404  0.5859 11.6160  0.0000  0.0000 
 0.0000  0.0000  0.0000  0.0297  0.0017  0.0577  0.8840  0.2365  0.3952  1.7237 
 0.0048  1.0508  0.0492  0.7083  0.0000  0.1318  2.5702  2.0460  0.4283  2.7877 
 0.0027  0.0382  0.1307  0.0066  0.0000  0.7719  0.1125  2.8169  0.0000  0.0015 
 0.1295  0.0303  0.0001  0.0067 13.2600  0.0000  0.9752  0.0000  0.0001  0.0016 
 0.5295  0.0000  0.0634  0.0001  0.2009  0.0000  0.0896  0.3841  0.9986  0.0000 
 0.0015  0.5100  0.3699  0.0002  5.0100  0.0037  3.3739  0.0000  0.0057  7.4982 
 0.0195  1.2413  0.2375  0.0000  0.1507  8.5875  8.9899  0.0001  0.0000  0.0000 
 0.0000  0.3357  0.1098  0.0075  0.7313 14.0518  0.0007  3.0034  0.0121  0.0050 
 1.7634  0.0985  0.1336  6.6853  1.0921  0.4156  0.0002  0.0680  0.0003  4.0329 
 0.5258  0.0995  0.4010  0.8069  0.0059  0.0018  0.0001  0.0129  5.0651  0.0000 
 7.6064  3.3263  0.0005  1.3118  2.0723  0.0000  0.1215  0.1481  3.4349  0.0000 
 0.0000  0.0047  0.0008  0.1067  0.0520  0.0018  0.0012  0.0631  1.7862  0.0000 
 0.6365  0.0000  0.0006  2.0642  0.0008  3.1552  0.0018  0.0000  0.5489  0.0001 
 0.4541  0.0000  0.7990  0.0222  0.0836  0.0857  2.0406  0.0792  0.0315  0.0001 
 0.7473  0.8020  0.0001  0.0000  0.0623  0.0000  0.5193  0.0000  0.2879  0.0006 
 0.1853  0.0037  0.0520  0.0000  0.0098  0.0874  0.0395  0.0263  6.0187  0.0013 
 9.8772  0.4073  0.5287  0.0195  0.1377  1.0918  0.0055  0.0000  0.5406  0.9758 
 1.5746  0.0000  0.0000  0.0129  3.1994  0.0547  0.0000  0.0581  2.9931  0.0000 
 0.3552 10.5586  0.0059 25.6580  0.0004  0.8679  8.4123  0.1478  0.3360  2.8049 
 0.8442  4.8572  0.0000  0.0767  0.0782  0.0002  6.8327  0.0000  0.0007  3.4374 
 0.1569  0.2456  5.2967  0.0047  0.0002  0.0046 13.6669  0.0000  0.4295  0.0000 
 1.2292  1.8204  5.3579  6.6765  0.0534  0.7992  0.0013  0.0000  0.0626  4.1997 
 0.0004  0.3072  0.2287  1.3136  0.0091  0.0397  0.0256  0.0000  0.0066  0.0635 
14.4862  0.0004  0.0000  0.0024  0.7225  0.0178  0.0489  0.0000  0.1209  0.0000 
 0.1082  0.0872  3.6663  1.1973  0.0014  0.0000  0.2057  0.0057  0.3649  0.0000 
 0.4797  0.0181  2.0569  0.0000  0.0003  0.0000  0.0005  0.0000  0.0000  0.0000 
 0.0009  0.1853  0.9803  0.1648  0.0021  0.8044  0.0000  0.0098  0.3856  0.0065 
 0.0000  0.0000  1.7718  0.3889  0.0001  1.0412  1.1977  0.2010  0.2769  0.0000 
 0.5617  0.9628  0.0405  0.1846  0.3805  8.3831  0.0000  0.1454  0.1978  0.0029 
 0.0003  2.9916  2.7107  0.0318  0.0242  0.0000  0.0029  0.0030  0.0002  0.0034 
 7.6223  0.0000  1.1192  0.0527  0.0019 11.4949  0.0003  0.0000  0.0000  0.0052 
 0.0007  0.8955  1.3541  5.6774  0.4383  0.0003  0.0218  0.1720  0.0000  0.1093 
12.1531 11.1084  0.0013  0.0012  0.6306  0.0556  0.5161 11.7441  2.1309  0.1411 
 0.0000  0.0216  0.0683  1.6683  0.0018  0.0006  4.8043  0.0078  4.1324  0.5805 
 3.2345  0.0000  0.0000  0.0047  0.0000  0.2402  0.0004  7.7862  0.0063  0.0361 
 0.0081  0.4605  0.0000  0.0023  2.7222  0.0093  0.0002  0.0003  0.0254  0.0107 
 0.0000  0.4373  1.9335  0.0000  0.0000  0.1662  0.0055  0.0000  0.5961  0.6934 
 0.0000  0.8874  0.0279  0.0032  0.0264  0.0000  0.6745  0.6823  0.0027  0.8458 
 0.0000  1.7612  0.5900  0.0600  0.0000  0.5340  0.4991  0.2360  1.1050  0.0001 
 0.0320  0.0000  0.6323  0.1621  0.2986  0.6599  0.7164  1.1103  0.4231  2.5419 
 0.3412  2.1495  6.1695  0.0000  0.0500  0.0000  0.7013  0.0018  0.0407  0.0244 
 0.0000  2.6089  2.3912  8.5148  3.2038  0.4061  0.0311  2.0683  6.3023  0.0001 
 9.7953  0.0091  0.0001  0.0004  0.0234  0.0146  0.0000  0.0442  0.0095  0.0000 
 0.0084  1.6024  4.6580  0.0005  0.0000  0.5305  0.1991  0.0055  8.3514  0.2837 
 0.0001  0.0015  4.9663  0.0005  0.0062  0.0435  0.0000  1.2319  2.1209  0.0000 
 2.7689  0.0187  0.0434  0.0000  0.0512  0.0550  0.0032  0.9033  3.4134 12.9703 
 2.5074  0.0000  0.0000  0.0341  0.0000  0.0186  0.0335  1.2485  2.5897  0.0014 
 1.0405  4.8249  0.5745  1.2650  0.5249  3.4834  0.0026  0.1291  0.0012  0.0177 
 0.0045  0.4025  0.0000  0.6009  0.0023  0.3889  0.0000  0.2110  0.0182  0.0000 
 0.0156  0.0880 11.5610  0.0400  7.0520  0.0093  0.2292  0.0766  1.1280  0.0182 
 0.0023  0.4563  0.0000  0.0000  0.0436  0.0000  0.3026  0.0015  0.0595  0.0000 
 0.0110  5.6422  1.2910  0.0498  0.0011 10.4552  0.0334  0.3375  0.0341  0.0006 
 0.0000  4.1108  0.0082  0.0545  0.1077  0.6682  0.0000  0.0046  0.0601  0.1335 
 0.0249 10.2176  0.0000  0.0000  0.7845  0.8398  0.5841  0.0028  0.1027  0.0001 
 0.0005  1.5864  0.0143  0.0886  0.0583  0.0000  2.4859  0.0146  0.0000  0.0000 
 0.0000  0.0000  0.2319  0.0183  0.2997  4.8515  0.0521  0.7137  0.0200  1.0348 
 1.2059  0.2208  1.5225  1.1200  0.0000  0.0019  0.1105  0.3462  0.0114  0.0335 
11.0845  0.0000  0.0000  0.1214  9.2962  0.0601  0.0000  0.0164  0.0001  0.0010 
 1.1820  0.0008  1.8174  0.0000  0.0089  0.0013  1.2541  0.0374  0.0064  7.9600 
 2.7851  2.9063 16.5590  0.0032  0.0002  0.0168  0.0003  3.8899  0.0000  0.0036 
 2.2685  0.0005  4.6576  0.0012  0.0000  1.0121  0.0000  0.3042  0.3081  0.0000 
 0.0690  0.0000  0.0000  0.1876  0.0000  0.2232  0.0000  1.5500  0.8652  0.0001 
 5.3467  6.6747  0.0035  0.0454  0.0141  0.0000  0.0206  0.0865  0.0765  1.4405 
 0.0006  0.2422  0.0350  0.0000  0.0000  0.0043  1.9090  0.0031  0.0176  0.1084 
