
Rates for sites

[replicate 1]
 0.0245  4.6806  0.1091  0.0000  0.0004  1.2683  0.0022  7.0573  2.8418  0.9162 
 0.4896  1.0305  0.1729  0.2655  0.1124  0.6612  0.0023  0.3650  0.0002  0.0000 
 0.9402  0.2007  0.0017  0.0206  0.0014  0.0000  3.6713  0.0531  0.0544  0.0056 
 0.0007  0.0002  0.3795  0.0424  0.0486  0.0961  0.9007  0.0064  0.0009  0.0044 
 0.2505  0.2948  0.1764  0.0001  0.9275  0.0017  0.0199  0.0009  0.0000  0.0000 
 0.4257  8.1995  0.1058  1.3488  0.2643  0.3780  3.9846  0.0018  0.2767  0.0045 
 0.6177  0.5790  0.0077  0.0066  0.1675  4.3992  0.0003  3.9043  0.0000  0.0601 
 0.0104  0.0024  0.0000  0.0001  0.0494  0.3979  0.6567  0.0254  0.0097  3.1498 
 0.0136  0.0171  1.0394  0.0000  2.5192  6.1607  0.0196  0.0000  0.0053  0.0361 
 0.0658 17.3072  0.6925  2.8665  0.0000  0.0222  3.4139  0.0005  0.0000  0.0050 
 1.4625  0.0355  7.4748  0.0270  0.1641  6.1171  0.1064  0.0000  2.6828  0.0000 
 0.0001  8.1777  0.0022  0.0482  0.0064  0.5091  0.0857  0.0040  0.0137  0.0000 
 2.7725  0.0001  0.0620  0.0085  0.1223  0.0000  0.0648  0.0327  6.7866  1.5967 
 0.0000  0.1399  0.0000  0.1703  0.0001  0.0143  0.4401  0.1285  0.0009  0.0441 
 0.8222  8.4377  0.0163  0.0001  0.0001  3.1783  0.0000  0.0024  0.0014  0.0000 
 0.0000  0.1111  0.9918  0.0001  0.0000  0.2156  0.0013  0.0000  0.7809  2.6615 
 0.0598  1.4110  0.0011  0.0031  3.4282  0.2379  5.3910  0.0396  0.0223  0.2095 
 0.0003  0.0667  0.0069  0.0083  3.1428  0.1825  0.7036  4.9417  1.5495  0.0000 
 0.0029  0.0002  0.6631  0.0005  0.0000  0.1092  0.0000  0.0334  0.0004  0.0371 
 0.2081  0.3418  0.6226  0.7890  0.3089  0.0000  0.0024  0.0001  0.6869  0.0000 
 0.0115  0.1687  0.0000  0.4766  4.2519  0.0009  0.0275  6.0534  0.0221  0.0665 
 0.0018  0.0000  0.0156  5.6049 13.6615  0.1341  0.0154  0.0000  0.2628  0.0700 
 2.7831  0.1248  5.0853  0.1308 23.6605  0.0003  0.2235  0.0000  0.0036  3.7617 
 0.0005  0.5558 10.6644  0.5659  1.4499  0.0000  0.0000  0.1623  4.8716  0.0117 
 0.7150  0.0000  0.0316  0.0014  0.3905  0.7603  0.0001  0.2732  0.0000  8.2722 
 1.7481  0.4619  0.0009  0.0000  0.0001  0.9796  0.4315  0.0046  0.0190  1.7661 
 0.0438  0.2356  3.0129  0.5258  0.9992  0.0026  0.0316  6.7101  0.0001  0.0049 
 1.0859  0.2021  0.0032  1.4956  0.0005  5.0227  0.0000  0.0272  0.1553  7.9692 
 0.0001  2.1676  1.2745  0.0000  0.0000  0.0076  1.8218  7.3799  3.0813  0.0001 
 4.5356  0.0062  2.3693  0.0019  0.0090  0.1808  0.0019  0.3602  2.2117  0.0104 
 0.0438  0.0061  0.0046  0.4523  0.0028  0.3247  1.0131  0.0003  0.0006  0.8305 
14.8640  0.0029  0.1698  1.4182  0.0007  0.0010  0.0865  0.0000  0.0006  1.0788 
 0.0000  0.0000  0.0002  0.0001  0.0185  0.0055  0.0098  0.0000  0.0000  0.0144 
 7.3292  2.7143  0.1298 15.1301  0.0000  1.5286  0.1472  0.0221  4.3813  2.0406 
 0.0199  0.2203  5.8905  0.1101  0.0001  1.0395  0.0068  0.4218  0.2688  0.0001 
 0.0137  0.0013  7.0834  0.0000  0.0127  0.5076  0.4205  0.1252  0.5769  0.0003 
 0.0000  1.6829  0.6842  0.4275  0.0000  0.2964  0.6832  0.0995  0.0144  4.2886 
 0.0000  0.0000  0.0000  0.0002  2.5166  7.3033  0.0000  2.4706  0.0020  0.0083 
 0.0046  0.2067  1.2857  0.0231  0.2487  0.0108  0.3005  0.0431  0.0031  1.3064 
 0.0029  0.2095  0.0001  0.8151  0.0000  0.0000  2.3696  0.0186  0.1155  0.0199 
 0.2742  0.0926  0.0018  0.0005  0.0001  0.0000  0.0000  0.0011  0.0000  0.0039 
 0.0645  0.0026  0.0085  0.5571  0.0000  0.0007  0.3083  0.0000  0.0017  0.2925 
 0.4393  0.6109  1.1850  0.0679  0.0766  0.4207  0.0080  0.0000  0.0001  0.0000 
 0.0648  0.0000  5.2815  0.0000  0.0006  3.7425  0.4118  0.0000  0.0000 10.2279 
 0.0387  0.1145  0.0020  0.0013  0.0002  3.1019  5.6368  0.3425  3.6139  0.0711 
 0.0462  0.0004  0.0003  0.0259  0.0000  0.6441  0.6211  0.0100  2.6264  0.2183 
 0.0000  0.0000  0.4434  0.0010  0.0216  1.1295  1.3489  0.0175  0.0394  0.5252 
 0.0001  0.4322  1.4263  6.0296  0.6917  0.7846  0.0020  6.5155  0.1009  0.0195 
 0.9025  0.1181  0.0000  0.0113  9.8522  0.0000  1.7542  1.2565  4.7125  5.0675 
 0.0452  9.8323  0.0488  0.0936  0.0001  1.4198  0.0161  0.0840  0.0026  0.0000 
 0.1333  7.4920  0.6716  6.6559  0.0000  1.0874  0.2223  0.0379  0.0011  1.1623 
 3.2040  0.7318  0.1635  0.1021  0.0000  0.0000  0.0000  0.0037  0.9124  0.8570 
 0.0926  0.3162  0.0000  0.1388  0.5453  0.0000  0.0000  0.0208  0.0094  3.5489 
 0.1160  0.0001  0.6482  1.9784  7.2415  0.5962  0.8676  0.0000  2.0368  0.3015 
 0.0009  0.3748  0.0022  0.7485  0.0026  0.0000  0.0208 38.4351  0.0101  0.0013 
 0.3746  0.7377  0.0000  0.0494  0.0000  0.0133  0.0000  0.0000  1.8519  7.2217 
 1.1846  0.1193  1.2868  0.0000  0.1326  0.6922  0.0000  0.0000  0.0602  6.1838 
 0.0008  0.0000  0.1061  0.0000  4.6513  0.0000  0.0003  0.0003  0.1626  0.0034 
 0.8512  0.0000  0.0366  0.0003  0.1649  0.0000  0.0527  2.5319  0.3100  0.0094 
 0.0538  0.5004  1.2408 10.6538  0.6573  0.1989  7.6516  0.0239  0.0009  0.4178 
 1.2465  0.0007  0.0001  5.0878  0.0002  0.2555  0.9060  0.0000  0.0120  0.0916 
 0.6180 11.8102  0.0623  0.0003  0.0023  0.0000  0.0050  0.0140  0.0062  0.0004 
 0.0084  7.4103  0.0006  0.6072  0.0000  0.0004  0.7861  0.0939  0.3019  0.0069 
 0.0000  0.0012  0.0001  0.0026  0.0002  0.0005  4.3941  6.1872  0.0031  0.0000 
 0.0013  0.0000  0.0044  0.0000  0.0450  0.0695  0.0000  0.3642  0.8826  0.0902 
 0.0001  0.0917  0.0003  0.2042  0.0063  0.0075  0.0018  0.3354  0.0190  0.0687 
 0.0135  0.0000  0.0237  1.4710  0.0017  0.4656  2.3998  0.0616  2.0551  0.0290 
 0.1010  0.0000  0.0038  6.2349  1.5192  5.1654  2.6824  0.0000  0.0000  0.0000 
 0.0792  0.0003  0.1071  0.0000  0.0001  0.0086  0.0002  0.0080  0.6688  0.0001 
 4.2479  1.5301  0.0000  0.0000  0.0091  0.0078  0.0032  0.0005  0.0002  2.5277 
 0.0000  0.3233  0.0118  0.0943  0.0053  0.0163  0.0016  0.1022  0.0041  5.6049 
 0.3089  0.0006  8.8198  0.0000  0.0010  0.0651  0.0000  0.4314  0.3054 10.1060 
 0.0000 13.6544  0.0000  5.8842  0.0000  2.2053  0.9352  0.5212  0.0056  0.0000 
 0.0001  0.0679  0.1368  0.0001  0.0039  0.1921  0.0001  0.5309  0.0000  3.1698 
 0.0000  0.0079 10.4050  0.0199  0.6723  0.0721  7.2075  0.0000  0.0000  0.4132 
 0.0011  0.0123  0.0049  0.1981  0.0160  4.8469  0.0000  0.0692  0.1970  0.0009 
 0.0000 14.9439  1.6309  0.0000  0.7756  0.0842  3.4450  0.0000  0.6779  0.0017 
 0.0096  0.7921  0.0010  0.0263  0.0280  9.8301 12.9246  0.8751  0.0920  0.3512 
 7.9214  0.0004  0.0024  1.6648  0.0225  0.0258  9.0383  2.1519  2.3126  0.0320 
 0.4234  0.6403  0.5571  0.0062  0.0002  0.3798  9.2858  0.0792  0.0609  0.0034 
 0.0002  7.7716  5.4547  0.0002  0.0004  0.4538  0.0009  3.4895  0.1366  0.0027 
 0.0052  0.0001  0.0000  0.0017  2.9991  0.2906  0.0001  0.0000  0.1866  0.2414 
 0.0000  0.3358  0.0000  0.0000  0.0000  0.0000  0.0000  0.3786  1.4905  0.0002 
 0.0102  0.4954  0.0561  0.0209  0.0342  0.6468  0.0818  0.0008  0.2150  0.4332 
 2.8620  0.0498  0.0020  1.9197  0.3213  1.2742  0.0000  0.0083  3.7020  3.3556 
 0.6974  0.0000  0.0000  0.0020  0.0820  0.0000  6.4382  0.4154  0.0306  0.0836 
 0.0233  0.0006  0.0001 16.5855  6.2375  0.0008  0.0017  0.0000  0.0642  0.0001 
 9.1138  0.0000  1.7941  0.0527  0.2314  0.0000  0.0829  0.0100  0.0003  0.0366 
 1.5481  0.0169  0.0000  1.8289  0.0000  0.0762  3.8534  0.0003  0.3744  1.2769 
 0.0000  0.2249  0.0000  2.2082  0.0032  0.0000  3.1421  0.2374  0.0000  0.1349 
 1.1106  0.0014  0.0043  0.7998  0.1055  1.8762  3.0912  0.4953  0.0955  1.1275 
 0.0559  8.6961  0.1029  0.0126  0.2362  0.8634  3.5423  0.0000  0.4689  0.1043 
 0.2941  0.0754  0.0979  0.0001  0.1161  0.0000  0.0000  0.0000  3.2868  0.0266 
 7.4789  0.2724  1.5061  3.8858  0.0000  0.2174  0.0377  1.0396  0.3863  0.2153 
 0.0000  1.8747  1.0729  0.1318  0.0266  0.0007  0.0000  0.0003  8.3080  0.1305 
 2.9048  0.0000  0.0000  0.9228  0.8759  0.0002 14.0219  4.5758  5.2879  0.1526 
 0.4908  0.4363  0.0000  0.4527  2.7373  1.1805  0.0000  0.0642  0.0815  0.0020 
 0.0852  0.0072  1.5624  0.1307  0.9030  5.2538  0.0037  0.0001  0.5528  2.4587 
 0.2339  0.4285  0.1694  0.2008  0.0003  0.0000  0.1486  0.0115  0.0004  2.7158 
 0.0002  0.3874  2.2217  0.8133  0.0667  0.4809  0.1429  0.2417 11.5435  0.0304 
13.0327  0.6664  0.3665  0.2904  0.0025  6.3781  0.0433  2.4937  0.0000  4.2810 
 0.0485  0.2902  1.3127  0.8941  0.5333  0.0000  0.0010  0.0002  2.3511  0.2149 
 0.0000  0.0001  0.1019  2.6529  0.0000  0.1959  1.2201  0.0001  0.0108  0.0709 
 0.3301  0.5150  0.0151  0.0819  0.0045  0.0338  0.0229  0.0063  0.0318  1.1540 
 0.0011  1.1113  0.8585  0.8032  0.2319  0.1151  0.0055  0.0030  0.1949  0.0077 
 0.0007  0.0000  0.6948  0.1651  1.5546  0.0000  0.0009  0.5170  0.0010  1.5301 
 0.4448  0.0546  0.2967  0.0311  0.0000  0.0000  4.7798  0.3407  0.0000  0.0000 
 0.0031  0.0000  0.1662  0.1786  0.0121  1.9909  0.0036  6.2728  0.0670  0.6186 
 0.0000  0.0775  0.0047  0.0000  3.8413  0.0909  0.1985  1.1979  0.1434  0.0008 
 0.0000  0.0000  0.0167  3.5373  2.2830  0.0000  0.2264  0.0002  0.0000  1.6000 
 0.2566  0.0037  0.0535  0.0000  0.9893  1.4688 10.2943  0.0010  0.2456  0.0002 
 0.0690  0.0355  0.0171  5.5325  0.0300  1.9976  2.7713  0.0712  1.1398  2.8509 
 0.2869  0.2935  0.0025  4.7331  2.0073  2.8408  0.1239  0.0026  0.0709  0.0002 
 0.0181  3.1969  8.2896  0.0676  5.2031  0.0018  2.7106  1.4452  2.2907  0.0000 
 0.0007  0.0000  0.0000  0.0481 16.1216  0.6240  0.4601  0.0002  0.0309  0.0442 
 2.4511  1.1123  0.0252  7.0874  0.0000  0.0019  0.0000  2.1391  0.3142  0.2009 
 0.2104  2.4811  0.0298  1.5669  0.0000  3.8193  0.0414  0.1299 16.9570  4.4452 
 0.0013  2.8959  0.0048  0.0000  0.0003  0.0000  0.0170  0.0004  0.0006  0.0000 
23.5185  6.8286  2.4602  4.3907  0.0135  0.0000  0.0971  0.2638  0.3719  0.0601 
 0.0002  0.0016  0.0000  5.7667  0.0000  0.1442  0.0016  0.0000  0.0143  0.6699 
 0.1231  0.0242  0.3680  0.1090  0.0054  0.0000  5.1365  0.0069  1.9056  0.1209 
 0.0995  2.6163  2.3461  5.6882  0.0108  0.1042  0.6235  0.9656  0.0385  0.1497 
 0.1818  0.3187  0.0004  0.0087  0.0001  7.7659  0.0049  0.0558  0.1265  0.0004 
 1.0645  0.0000  1.4095  0.6094  0.0251  0.0006  0.0000  0.2736  0.0000  0.0316 
 0.0036  0.4214  1.0163  2.5781  0.3724  0.0006  0.0000  0.0115  0.0008  2.0225 
 0.0000  0.4493  1.7695  0.0490  0.0000  0.0000  0.6316  0.6140  2.1592  0.1909 
 1.9429  0.0192  0.0666  0.0000  5.6053  0.0000  0.0000  0.0006  0.0935  4.3338 
 3.3088  0.0000  0.1755  0.0160  0.0004 16.3274  1.1271  0.0038  0.0196  0.0553 
 2.3567  5.0595  0.9634  3.8646  0.0012  4.4048  0.2138  0.6870  0.0018  0.0844 
 0.0051  0.0361  0.4402  0.5885  0.0644  9.5505  0.0347  0.0009  0.0472  0.0001 
 0.1577  0.0283  0.0013  0.0000  0.0000  0.0000  0.0002  0.0240  0.1241  0.1511 
 2.0264  1.8185  3.1466  0.0028  0.1954  0.5806  0.4726  0.0000  0.0004  0.1265 
 1.2566  1.6498  5.7524  1.2890  0.0020  0.4323  3.3504  0.8242  0.0003 11.1182 
 0.0000  0.0000  0.3901  0.0000  2.7179  0.5477  0.0793  0.0502  0.0148  0.2749 
 3.7382 13.4928  0.0577  0.3796  0.0000  0.0045  1.1696  0.1600  4.3873  0.0024 
 0.0000  0.0368  0.0242 18.8041  0.7442  0.0000  0.1940  0.0067  0.0003  4.2828 
 0.8815  0.2039  0.0233  0.0000  0.6087  0.0000  0.0540  0.0035  0.3952  0.0000 
 0.0005  3.2429  0.0821  0.1810  0.0196  0.4899  0.0000  0.7496  0.0000  0.0036 
 0.2015  0.0521  1.1409  1.3997 13.1344  0.5946  0.0003  0.0000  0.0673  1.7199 
 1.7625  0.0000  0.0006  8.0160  0.0002  3.3049  0.1190  3.0575 14.8063  0.0000 
 0.2269  9.2858  0.0000  0.0000  0.0000  0.0022  0.4074  0.0064  0.0002  0.0028 
 0.0012  0.0002  0.0193  1.0880  0.1069  0.0000  0.0000  2.2132  0.0128  0.0000 
 4.3148  0.0574  0.0004  0.0133  0.0001  0.0010  0.0002  0.0000  0.1124  0.4633 
 0.9456  0.0011  2.0426  0.0000  1.1965  0.0000  5.1471  0.0202  0.0678  0.0015 
 0.0033  0.3616  0.4103  0.0099  0.0000  0.3075  0.0000  0.0977  1.7862  0.0065 
 0.7741  0.0009  0.0441  0.0001  0.0069  0.1679  0.0124  0.0049  0.0265  0.0000 
 0.0811  0.0000  0.0015  0.0088  0.5153  0.0002  6.9950  6.2958  0.2325  0.0031 
 0.0000  0.0492  0.7662  0.2399  0.0099 21.8052  0.8581  7.3959  0.0002  0.0004 
 0.0000  0.0013  0.1052  0.1576  0.0001  0.0198  0.1458  0.0020 11.8645  0.1336 
 0.0049  0.0142  1.0319  0.0000  0.0005  0.3510  0.2375  0.8974  0.4618  2.2731 
 0.9340  0.2028  0.0013  0.0011  0.0001  0.1923  0.0047  5.7439  0.7477  0.0806 
 2.0107 20.7653  2.0990  0.0018  0.0073  0.1118  0.0000  0.0000  0.0000  1.1786 
 0.0001  0.1798  0.0267  4.0736  0.0000  2.5544  4.6984  9.2647  0.0454  0.0000 
 0.0000  0.0483  0.0364  0.2190  2.4160  0.1528  0.0185  0.7388  0.0085  2.7283 
16.0813  0.0225  0.0000  0.0000  0.0000  0.0007  0.0000  1.7806  0.0051  6.7003 
