
Rates for sites

[replicate 1]
 1.6163  0.0042  4.6230  0.0000  0.1281  0.0034  0.3970  0.7638  0.0000  0.0183 
 0.0410  0.4952  0.3922  0.3355  0.0003  1.2972  0.5720  0.0027  2.4257  0.0022 
 0.0635  0.0021  0.0743  0.0001  0.0023  0.0002  0.5409  0.0000  4.6681  1.1301 
 1.4614  0.0000  0.0000  0.0829  3.0388  0.0566  0.7109  0.0050  0.4710  0.0586 
10.6957  0.0000  0.1040  0.0000  0.7854  0.4701  0.0000  0.0369  3.5135  0.0000 
 0.0000  0.0000  0.6938  0.0143  0.7750  0.0003  0.3955  0.4483  0.0624  0.0002 
 0.2582  2.0944  0.0000  0.0019  0.2971  0.3516  2.7730  3.5756  0.1503  0.0574 
 0.0327  0.0085  2.1335  0.9291  0.0001  4.0341  0.0454  0.0002  0.9504  1.2274 
 0.0094  0.0010  1.7989  0.5138  0.0001  0.0000  0.0000  2.2475  1.7672  0.0000 
 0.0000  0.5421  0.0260  0.0005  0.0000  0.0022  9.3581  0.2193  0.0566  0.0237 
 0.0849  0.0000  1.5558  0.0721  0.0001  0.0170  2.3534  0.0581  1.8485  3.8502 
 0.0004  1.3084  0.0000  0.1441  6.1386  0.0000  1.1595  0.0000  0.1190  0.0007 
 0.1455  0.0208  0.0000  0.6166  1.9395  0.1179  0.0042  0.0000  0.0134  0.0000 
 0.2637  0.0000  0.0000  0.8081  0.0000  0.0000  2.3755  0.0201  0.0000  0.0000 
 5.5361  0.0000  0.1212  0.0053  8.0355  0.0006  0.0912  0.0651  0.3315  0.0137 
 1.0477  0.0008  3.0598  0.0869  0.4136  0.0027  0.4149  0.0938  0.1097  0.0068 
 0.0009  0.0202  0.0017  1.5310  0.0008  0.0634  0.0152  0.0507  0.0190  1.7670 
 0.0014  3.3920  0.0269  0.0030  0.0074  4.7704  0.0583  0.0073  0.1072  0.6804 
 0.0000  0.1898  4.7414  0.0317  0.0057  2.0707  0.0000  0.5137  2.4783  7.7576 
 0.0000  0.4475  0.0002  2.5781  0.0030  0.0097  0.0796  2.7053  0.3617  0.0060 
 1.0536  0.0006  0.1393  5.2118  0.0031  0.2708  0.0633  0.0024  0.0151  0.0000 
 0.0000  1.1312  0.6949  0.1250  0.1894  0.0000  4.8108  0.0002  0.2052  0.1597 
 0.0128  0.0000  0.0450  0.0037  0.6657  0.0000  0.0007  0.7761  0.0037  0.1942 
 0.0376  0.2942  0.1642  0.0004  0.0000  1.5322  0.0257  0.0001  0.0200  0.0001 
 0.0012  0.0008  0.0000  0.0590  0.0001  1.5838  0.7408  0.0000  0.0773  0.0238 
 1.5809  0.0042  4.8995  1.1130  0.2865  0.0000  0.2557  0.0735  9.5552  0.7615 
 0.0234  0.2861  0.1525  0.0342  0.0708  0.7853  0.1592  0.3262  0.0000  0.1049 
 0.0000  0.0002  1.1971  0.8272  3.0437  0.0544  0.0009  0.0000  0.0041  0.0038 
 0.0060  0.0000  0.0007  0.0132  0.0077  0.0174  2.9193 11.5964  0.0005  0.0000 
 0.0020  0.1064  0.0643  3.4028  0.0071  0.0001  0.0474  0.0000  0.0103  0.1014 
 0.0969  0.2927  0.0000  0.3102  0.3442  5.0416  0.0329  0.3826  0.0931  0.3173 
 0.0985  0.0000  1.2778  4.7115  0.1358  3.1147  0.0496  0.0000  0.0000  0.0000 
 0.0230  0.0028  0.2793  2.4205  1.5378  0.5416  0.7451  1.3515  0.0000  4.8827 
 0.3726  0.0000  1.9144  0.1328  0.2110  0.0030  0.2026  0.3482  0.0012  0.4765 
 0.0102  0.0404  9.7533  0.0631  0.0000  0.0018  0.0000  1.6903  4.2567  2.3540 
 0.3027  0.0004  0.0481  0.9420  0.0001 22.6081  1.2478  0.5522  0.2034  0.3868 
 0.1653  0.0729  0.4218  0.0000  0.2016  0.1156  0.1128  0.0593  0.0049 10.1921 
 0.0008  0.0027  1.3563  0.0407  0.0349  0.4159  0.4240  0.0064  0.3234  0.0082 
 1.3234  0.0002  0.0856  0.0274  0.7747  1.1598  0.0001  0.0005  0.0001  0.0009 
 1.6396  0.0002  0.0018  0.0016  0.0000  0.0000  1.3283  0.3332  1.7712  0.1872 
 4.9566  4.8765  0.3619  1.8331  1.3420  0.0089  0.0000  0.5161  0.3118  0.0000 
11.8937  0.8420  0.5190  0.0063  0.0000  0.0000  0.0000  0.3059  0.0010  0.0000 
 2.8325  0.4090  0.0377  0.0023  0.0000  0.0001  2.6671  0.0000  0.3489  0.0000 
 0.0002  0.1144  0.0009  0.0001  0.7168  1.0308  1.5802  0.0000 12.6912  1.1840 
 0.5436  0.0002  0.0002  0.3197  0.0000  0.0000  1.5473  0.3563  4.3617  0.0234 
 0.0000  0.7636  0.0404  0.0135  0.0000  0.0000  0.2938  0.2105  0.7101  0.0345 
 0.0143  0.3330  0.0508 15.1872  0.0527  0.0000  0.0154  0.0000  0.0000  0.0782 
 0.0000  0.5478  0.0001  0.1732  0.0103  4.0433  2.8886  0.3310  0.0069  0.1087 
 0.0123  1.0542  0.0018  0.0595  0.0000  0.9273  0.0848  0.0016  0.0000  0.2966 
 1.0699  0.9405  0.0000  3.1878  0.0765  2.6532  0.0445  4.3772  0.0000  0.0023 
 0.0147  0.0051  0.0158  0.4269  2.5977  0.0001  0.0466  5.1008  0.9502  0.4667 
 0.1066  0.0001  0.0062  4.9088  0.0000  0.0377  1.1001  0.0001  0.0000  0.1902 
 2.4874  3.6179  0.5341  0.0451  0.4656  0.0023  0.0085  0.3939  0.0002  0.0039 
 0.5546  1.1054 17.6762  0.0217  0.0580  0.0074  0.1880  0.2784  0.0426 14.2941 
 0.0003  1.0198  0.0295  0.0913  0.2062  0.0081  0.0129  6.1433  0.0000  0.0025 
 0.0304  0.0001  0.0006  0.6275  0.0015  0.0001  2.6518  4.7415  0.0794  0.0001 
 1.3378  0.9505  0.7363  0.0151  0.0010  0.8122  0.0283  0.0024  1.7560  0.0003 
 0.0107  0.0000  0.5726  0.8562  0.0000  0.0000  0.0000  0.0578  0.0862  0.0307 
 0.0036  0.1022  0.0053  0.0005  0.0066  0.6090  0.0000  0.0001  0.2237  0.0029 
 0.1534  2.2183  0.0636  0.5062  7.6467  0.0583  0.8551  0.3905  0.0002  0.0035 
 4.5995  3.1694  0.6398  2.0709  0.0053  0.0193  0.0000  2.8269  0.0000  0.1293 
 0.0037  0.0000  0.0000  0.0000  8.5858  0.5988  0.4434  3.2801  1.5431  0.0000 
 0.0000  0.0792  0.0482  2.0824  2.2338  0.0002  0.2025  0.0033  0.2868  0.0000 
 2.2710  0.0117  0.0000 19.7075  0.0000  0.1465  0.0000  0.0249  0.0143  0.0192 
 0.0185  0.1297  0.6476  1.4317  0.0004  0.0000  1.5971  0.2969  0.0002  0.0002 
 0.0304  0.7663  0.9066  0.2413  0.0495  0.0000  0.2197  0.0004  0.0313  0.0000 
 1.9174  0.9996  1.4776  6.6516  0.0001  0.0960  0.0002  0.2361  0.0115  0.5605 
 0.9645  0.0428  0.0026  0.0410  0.2832  0.0015  3.2716  0.8703  0.5681  0.0000 
 1.5365  0.0007 13.4920  0.0068  1.6424  0.5405  0.0162  0.0289  0.0042  0.0013 
 0.0019  0.0000  0.0052  1.6845  0.0001  0.0200  2.2053  0.7098  1.2590  0.0603 
 0.0012  0.0000  1.9087  0.0227  0.0138  0.0443  0.0233  0.0273  0.8653  0.0001 
 0.0000  3.9964  0.0000  8.9200  0.0000  0.2044  0.2711  0.6614  0.0003  0.1341 
 0.0012  0.0558  4.1753  1.5894  0.1945  0.0023  1.1726  0.1840  0.0436  0.2372 
 0.0575  0.0307  4.3833  0.0019  1.7467  1.3295  0.1061  0.0000  0.3348  0.0040 
 0.1169  0.0103  0.0026  0.0091  0.0000  0.0895  0.0443  0.0000  2.4107  0.0001 
 2.3602  0.0003  0.0734  0.0229  0.0893  9.7789 10.0274  0.0665  0.1244  0.4226 
 0.0092  8.6223  0.0003  0.0068  1.8921  5.6421  0.0328  0.0000  1.8879  0.0000 
 3.1610  0.0065  0.8822 12.0583  0.0465  0.0000  7.3931  0.0418  4.6172  0.7827 
 0.0116  6.4973  0.0445  0.0003  0.2155  0.0280  0.1824  0.1243  0.0052  0.2723 
 2.6388  0.0000  0.0571  0.0000  0.3758  1.4506  0.0272  0.8273  0.0000  0.7099 
 0.0005  0.1569  0.6054  0.0501  0.6780  0.3622  0.4008  0.0000  0.0013  0.0294 
 0.4248  0.0122  0.0096  0.4416  0.0000  0.0000  0.0002  1.0510  0.0000  0.0243 
 0.0000  0.0000  0.0223  0.0339  0.0161  1.7464  0.0000  0.0000  0.0010  0.0000 
 0.9069  0.0000  0.0000  0.0000  0.0000  0.0000  0.0000  0.0057  0.1688  3.6280 
 2.7433  0.0002  1.1411  0.0011  0.0004  0.0217  1.4423  0.0010  0.1697  0.0000 
 0.3766  0.0000  6.8137  0.2930  0.0052  0.0316  0.0000  0.0003  0.0021  0.0957 
 0.9488  0.2004  0.0125  0.0000  0.0218  0.0015  0.1291  0.0942  0.1232  0.0288 
 0.1976  0.9567  1.3179  0.0276  0.0001  0.0274  0.0000 14.8579  0.0103  0.0001 
 0.3859  0.0014  4.6145  0.1721  0.0002  0.1209  0.0003  0.7145  9.7377  0.0091 
 0.2350  0.0306  1.8897  0.2118  0.0004  0.0118  0.0106  0.0415  2.3197  0.0000 
 0.0306  0.0001  1.3023  0.1430  0.0001  0.2411  0.0009  3.0522  0.0291  0.8394 
 3.8364  0.2014  0.0013  0.6492  0.0004  0.2917  0.0918  0.0475  0.2095  0.2377 
 0.4122  0.0000  1.7019  0.4980 15.4457  0.1211  0.0000  0.2540  0.0509  3.5477 
 0.0015  0.0037  0.0051  0.5546  0.0124  0.0000  0.1770  0.0001  1.6551  0.0046 
 2.9936  2.1175  1.9739  0.9744  0.0363  0.0046  0.0002  0.0000  0.0000  0.0087 
 0.0157  1.2345  0.0000  0.0000  0.0000  0.0043  0.0845  0.0002  0.2109  0.0031 
 0.0062  0.0176  0.0000  0.0005 22.8583  0.1036  0.0003  6.7500  0.0015  0.0162 
 0.0000  1.0556  0.4975  0.0000  0.0780  0.0012  1.3275  0.0010  0.1468  0.0114 
 0.0000  0.2179  0.0024  0.0110  0.6628  0.0007  0.5173  0.0000  9.6473  0.0008 
11.1112  0.0000  0.0004  0.0094  0.6775  0.0638  0.0200  0.9892  0.0013  1.6415 
 1.0247  0.0960  0.4059  0.4909  1.4524  0.0078  0.5632 15.0940  0.0009  1.1338 
 1.2981  0.0001  0.1332 10.2919  5.3633  0.0158  0.0022  0.1326  1.6993  0.5722 
 0.0496  2.9479  0.0004  1.8027  0.0004  0.0102  0.0000  0.0000  0.0064  0.0000 
 0.1370  2.5682  2.2582  0.6647  0.5339  0.0000  0.0000  9.5531  0.0047  0.3635 
 3.9688  1.1111  0.2526  1.4649  1.4612  0.0566  0.0007  0.3496  0.0000  0.1625 
 0.0084  0.0012  0.0568  0.0000  0.2510  0.0632  2.0463  0.0003  0.0004  0.0958 
 0.0000  0.0068  0.0002  0.0000  0.3591  2.7926  0.0000  7.8444  9.3914  1.3372 
 0.3117  0.0000  0.0000  0.0002  3.3813  0.0000  0.1982  0.1444  0.0069  0.0000 
 2.9564  2.8542  0.0000  1.9800  0.0108  0.0092  4.7182  0.0000  0.0000  0.0194 
 0.0124  0.0000  0.3379  0.1165  0.2129  7.9079  0.4766  0.0000  2.1481  0.0940 
 0.1813  0.2807  0.0372  0.0990  0.1517  1.3536  2.1055  0.0000  0.5419  0.6632 
 0.2624  0.5436  0.0001  2.8321  0.0027  0.0000  0.0767  0.0000  0.0001  0.0010 
 0.0069  0.0004  1.2210  0.1307  4.1452  2.1728  0.0000  1.5484  0.0000  0.0058 
 0.3511  0.0578  0.0007  0.0010  0.0173 10.0806  0.0000  0.6077  0.0873  0.0000 
 0.7001  2.7223  2.5888  0.0000  0.1280  0.6875  0.1008  0.0025  0.0087  1.4314 
 0.0337  0.0036  0.0789  0.0000 26.1680  0.0008  0.0032  0.2204  0.0016  1.0896 
 0.5672  0.0007  0.0061  0.2974  0.4563  0.6355  0.0246  0.0020  0.4595  0.0000 
 0.1204  0.0017  3.6992  2.4163  0.7119  0.0003  1.9740  0.0003  1.8551  0.8946 
 5.1662  0.0000  0.0528  0.0265  0.0796  0.0278  0.0220  4.3496  0.0004  2.5774 
 0.0466  0.0009  0.0003  0.0000  0.0001  0.9353  0.8476  0.0000  0.1586  1.5855 
 0.1558  0.0002  0.0000  0.0073  0.1791  0.0000  0.0000  0.3917  0.3194  0.0013 
 0.5923  0.1363  0.0564  3.0980  0.0000  0.2399  1.1628  0.2412  0.0523  0.9063 
 0.1086  0.0000  0.0000  0.0038  0.0964  0.0000  0.0164  0.0461  0.3021  0.0861 
 0.7374  0.0005  0.0162  0.0000  1.7770  3.1776  0.0000  0.0280  4.1487  5.5541 
 0.0000  0.9611  8.3880  0.1277  0.0618  0.1881  0.0001  0.0000  0.0021  0.0001 
 0.0168  0.0000  0.7691  0.0000  0.0014  0.7466  0.3639  0.2151  0.0628  0.0005 
 0.0000 11.2559  0.0000  0.0177  0.1364  0.0000  0.3603  0.0046  0.0000  0.0024 
 0.0209  0.0106  0.0000  0.0005  0.0138  0.0005  0.4916  0.0151  0.1176  8.6229 
 0.0000  1.7690  0.1670  0.0941  0.0530  0.0000  0.0005  0.0000  6.1889  0.0000 
 3.3345  0.3458  0.5054  0.0000  0.0000  1.0879  0.1008  0.0000  0.8388  0.1022 
 0.2099  0.3716  0.0002  0.0000  0.0177  0.0355  0.3183  1.3376  0.6032  0.0000 
 0.7362  0.0245  1.8089  0.0127  0.0000  0.0006 10.0084  0.4542  6.3303  1.8782 
 1.3630  2.5694  0.0240  0.0720  0.1067  0.0005  0.0164  8.5499  0.0702  0.0041 
20.4561  0.0000  0.0000  0.4088  1.3370  0.5906  0.0693  0.0299  0.1487  0.0591 
 4.5229  4.3454  0.0000  0.0020  0.0547  1.0207  0.0550  0.3983  0.1284 14.5697 
 0.0000 17.9813  0.0246  0.0379  0.0466  0.0000  0.0010  0.1149  3.9303  0.9654 
 0.3183  0.0001  0.0237  2.1093  0.2994  0.1202  0.2491  2.1825  0.0568  3.4863 
 0.0000  0.0268  6.1341  0.5970  2.4443  0.0000  0.0002  1.8503  0.0785  0.0000 
 1.4384  0.0000  0.3671  0.0000  0.0045  0.0005  0.8016  3.4687  0.0692  0.0002 
 0.0009  2.2110  0.0126  0.0070  0.0068  0.0001  0.0001  3.9135  0.0183  0.0001 
 2.0961  0.0221  0.0008  0.0000  7.3896  3.6186  0.9941  0.0110  0.3128  0.1753 
 0.5489  0.0051  0.0000  0.0663  1.6255  0.4082  0.0124  0.8767  0.3186  0.0026 
25.1502  0.0038  0.0251  0.0000  0.4780  0.5847  0.2189  0.0137  0.0005  0.2200 
 0.0000  0.2625  0.0002  4.5946  3.8852  0.0000  0.6515  0.0233  3.1297  0.2371 
 0.7251  0.0098  0.0003  0.0003  0.0000  0.0000  0.0000  0.0000  0.0000  0.0000 
 0.0006 15.4401  0.3376  0.0191  0.3771  0.0000  0.1749  0.0787  0.0000  0.0840 
 0.0003  0.0738  0.0002  0.0000  0.0149  0.0000  0.0093  0.0705  0.0474  0.0036 
 0.0593  0.0211  0.7077  0.0000  3.4528  1.4759  0.4701  0.0000  1.3346  7.0406 
 0.2114  0.0000  1.2792  0.3574  0.1978  0.1905  1.1559  0.0000  0.0004  0.0001 
 0.0449  0.0498  2.8930  0.6015  0.3707  0.0001  0.3777  0.0005  0.0036  0.0000 
 0.1323  0.4111  4.7953  0.5729  0.2669  0.0591  0.8250  0.0989  3.4493  0.0000 
 3.2853  0.4055 14.6616  0.0008  0.0164  0.6394  0.8745  0.1260  0.1669  0.0021 
 0.0122  0.0000  0.0172  0.7333  0.0008  0.0009  1.0024  0.0376  0.0380  1.7099 
 0.0001  0.2878  4.1916  0.9761  0.7213  0.5844  0.0605  0.0430  0.0001  5.5105 
 0.0002  0.8469  0.1202  0.0225  0.3710  0.0000 14.5314  0.0000  1.3831  5.0845 
