
Rates for sites

[replicate 1]
 0.2697  7.8076  0.5758  0.1336  0.0077  6.3417  0.0001  0.0000  0.5959  3.9640 
 0.0000  0.0000  0.4101  0.0092  0.1464  0.1398  1.3019  0.0000  0.4399  0.0000 
 4.0569  0.0000  0.0606  0.0000  0.5774  2.7028  0.0001  0.0023  0.0000  0.0000 
 0.1863  0.0000  0.0000  0.1241  0.0000  0.0001  0.0000  0.0687  0.0000  0.0068 
 2.1366  0.1462  0.0006  0.0000  0.1664  0.9837  5.1661  2.4863  0.0000  0.0006 
 0.0000  0.0328  9.7120  0.0000  5.8636  0.0011  0.0000  0.0000  4.8921  0.5480 
 0.0322  0.4336  0.0013  2.8953  0.0006  1.8213  0.7934  0.0453  0.0006  0.0003 
 0.0010  0.0075  0.5772  0.0976  0.1631  0.0076  0.0000  0.0201  0.0000  0.1724 
 4.2846  1.7315  0.0411  0.0000  0.0907  0.0000  0.0096  0.0000  0.0002  0.0000 
 1.2801  0.0528 14.6892  0.0019  1.8349  0.4650  4.0259  0.0000  0.0000  0.4294 
 0.0770  0.3351  0.0009  0.0000  0.0001  0.0098  0.0022  0.0000  0.0001  0.0074 
 0.5059  0.0375  0.0506  0.0475  0.0770  0.0143  0.0000  0.0002  0.0308  3.4605 
 0.0732  0.0101  0.0008  0.0266  0.0034  1.1007  0.0000  0.2049  0.0008  1.3580 
 1.8723  0.0011  0.1886  2.7141  0.1025  1.0531  0.8780  0.0000  0.0000  0.0587 
 0.5864  1.2795  0.2869  0.0000  0.0000  0.0667  0.0000  0.0540  0.2553  0.0009 
 0.0200  0.3719  0.0003  0.4902  0.0027  0.4113  0.3332  6.6825  1.0735  0.0001 
 0.0734  0.0783  0.3352  0.1570  0.3126  0.0004  0.2736  0.0486  0.0000  0.0113 
 0.0862  0.8941  0.0512  6.8704  0.0144  0.0251  0.0000  0.0066  4.4083  0.0006 
 0.0754  0.0129  0.1247  7.3106  0.0025  1.1164  2.8053  0.1836  0.7575  0.5246 
 0.0020  0.0000  0.2111  0.0010  0.1518  0.0111  0.0083  0.0023  0.0000  0.1032 
 0.0055  2.8386  0.0003  0.7180  0.9767  0.0929  0.2345  0.0000  0.5841  0.7727 
 0.7431  0.3793  0.5063  1.5104  0.2586  4.3055  0.0066  0.0024  0.0670  0.1028 
 0.0020  0.1447  0.1806  3.4337  2.8941  0.0000  0.0000  0.0000  0.2901  0.0044 
 0.0002  0.0725  0.1856  7.5097  0.0015  0.0000  0.0557  1.7109  0.2913  2.4594 
 5.8791  2.4110  0.0124  0.0053  0.0000  0.0002  1.8534  0.0781  0.0000  0.0040 
 0.0019  0.3615  0.1581  0.0000  0.0000  0.8727  0.0461  0.0001  0.6804  0.0000 
 1.0373  0.0000  0.6468  0.0021  0.0295  0.3278  0.0354  0.0360  2.7251  0.0918 
 0.0058  0.0000  0.0000  0.0024  1.8845  1.8974  0.0000  0.0047  2.5633  0.3614 
 0.7254  2.2860  0.0021  0.0007  0.0282  0.3647  0.1200  0.0503  0.0242 18.1175 
 0.0003  8.1331  0.0470  0.2400  0.0687  0.3655  0.1972  0.0001  2.3292  0.0015 
 0.0205  0.0357  3.7660  0.0000  3.1739  0.0000  0.0000  3.2879  0.5916  0.4873 
 0.0000  2.4049  0.2439  0.0000  0.0001  0.0000  0.4650  0.0009  0.9971  1.8119 
 0.0000  0.0016  2.0568  0.7864  0.0006  5.2318  0.0000  0.0534  0.0000  0.0501 
 0.5389  0.0000  0.0002  1.0773  0.0050  0.0353  0.0046  0.0009  0.3894  0.0033 
 0.1589  0.3197  0.1484  0.0736  0.0000  0.0087  0.0000  0.0211  0.4366  4.8104 
 0.3199  0.0049  0.1851  1.6876  0.0008  0.0385  0.2025  0.0951  0.5073  0.6462 
 0.3128 10.1772  0.0019  0.5990  2.3785  0.0178  5.3809  0.0000  0.0224  0.1287 
 0.0430  0.0007  0.0005  0.1901  3.7409  0.7377  0.0202  6.9202  0.0002  4.2227 
 1.7758  0.0343  0.0012  0.0000  0.0929  0.0002  0.0282  0.0039  0.0244  0.0004 
 0.0002  0.0001  0.3821  0.1914  0.0000  2.0942  0.0011  0.0092  0.0755  0.0451 
 1.4591  0.0120  2.0594  1.5028  0.0938  0.3638  4.2992  0.0895  0.0240  0.0000 
 4.6922  0.0116  0.9608  0.1618  0.0000  0.0015  0.0066  0.0002  0.0101  0.0342 
 1.6871  0.4183  0.0224  0.4584  0.3820  0.0000  0.9821  0.0037  0.5910  0.0276 
 0.0087  0.0005  0.0042  0.0000  0.0000  3.0089  4.4320  0.0284  0.8729  0.0132 
 0.0285  0.1090  0.0089  0.0000 12.1944  1.1639  0.6354  2.3156  0.0222  0.1208 
 0.9964  0.4218  0.3597  1.3555  0.0169  1.5013  0.0000  0.0001  2.6969  0.1723 
 3.8414  0.0000  0.0007  0.0006  0.0465  0.1550  0.0703  9.7954  2.2527  1.3786 
 5.3306 12.6414  3.5312  0.0704  0.8288  2.8565  0.1393  0.0001  1.0289  0.2799 
 1.5282  0.0000  0.0372  2.3184  2.0350  0.0000  0.0000  6.2422  0.0913  0.0893 
 0.0000  0.0066  1.2880  0.0081  0.0367  0.0173  0.1479  0.1457  6.1619  0.0105 
 6.3117  0.3425  0.0022  0.0078  0.0292  0.0000  0.5089  0.3786  0.0641  0.0000 
 6.1021  0.0167  0.0152  0.4621  0.0830  1.5725  0.0000  1.8969  0.0000  0.0377 
 8.0351  0.0000  0.0224  0.0000  5.0578  0.0512  0.0014  0.1698  0.0151  0.0000 
 1.7957  0.3679  0.2084  0.7647  0.6633  1.1240  1.0842  0.0208  0.0000  0.0120 
 0.0000  0.0029  0.0920  0.0000  0.0262  0.0000  1.6098  0.0000  1.8260  4.0346 
 0.0031  0.0000  0.0603  0.0063  0.5176  4.8907  0.6235  0.0000  0.0000  0.0000 
 0.0043  0.4419  0.0000  0.1474 14.3481  0.0000  0.0241  1.4704  0.0001  0.0000 
 0.2613  2.6173  0.0000  0.0024  0.0009  2.6421  0.2496  0.0053  0.0009  0.0003 
 0.0098  1.8423  0.0410  0.0065  0.0466  0.0195  0.0000  0.1255  0.1284  3.4949 
 0.0008  2.9474  0.1383  0.6623  0.0001  0.0773  1.8047  0.4585  2.0074  0.0000 
 0.0000  0.0000  1.6430  0.0111  0.0000  0.0253  0.0000  1.8035  0.1394  0.0055 
 0.4167  0.3405 16.3397  0.0000  0.9795  3.8810  0.0235  0.0055  0.0131  0.6088 
 0.0000  2.8091  0.0061  0.0341  0.0459  0.0004  0.0159  0.0000  0.0000  1.9358 
 1.5573  5.2533  0.0000  0.4527  0.0000  0.0224  0.9707  0.3081  0.0001  0.0000 
 0.2954  0.0001  0.0001  0.0000  0.0029  5.6327  2.2259  0.0000  0.0097  0.0017 
22.5530  0.0086  0.0000  0.0000  0.0242  0.4574  0.0305  0.6445  0.0001  1.4528 
 8.5996  0.9999  0.0016  0.0029  0.0323  0.0129  0.8346  1.5784  0.0000  0.0000 
 0.7772  0.0026  1.9216  0.9320  0.0000  0.0006  0.0868  0.0599  0.0000  0.0017 
 0.0073  3.7121  0.0000  0.0000  0.2610  1.9518  0.0082  0.0027  2.5939  0.1032 
 0.1565  0.0012  0.0000  0.0000  0.0002  0.0189  0.8859  6.8995  0.0345  0.0030 
 0.0001  0.0000  0.0000  5.9223  0.0729  0.0019  0.0285  0.2370  0.0008  0.0000 
 3.6801  0.1526  0.0000  0.0647  0.0000  0.0567  0.0000  0.0000  0.0003  0.0140 
 2.0101  3.5820  0.0902  0.3146  0.2223  0.0050  0.0000  0.0733  0.0000  1.2646 
 0.0000  0.2058  0.0000  0.2299  0.0228  0.9874  0.0061  0.2866  0.0304 10.6786 
 0.5223  0.0293  0.0000  0.0812  0.0647  0.0000  2.1272  0.0396  0.0015  0.0175 
 0.0000  0.0815  0.0042  0.0124  0.0000  4.5718  0.0962  0.0000  0.0029  0.0003 
 0.2419  0.3591  0.4282  0.1865  0.0222  0.0000  2.4930  0.1623  0.4134  0.0353 
 1.6077  0.0000  0.0001  0.7420  4.6155  0.2701  0.0116  0.0002  1.3675  0.0059 
 0.0898 10.5930  0.0000  0.2563  1.5444  3.3019  0.0002  0.0000  0.0040  0.0000 
 0.0074  3.2452  0.0359  0.1393  0.1760  0.0006  0.1963  0.0233  0.0303  0.0048 
 1.8058  1.9197  0.2720  0.4028  0.0303  0.0539  3.6617  0.0005  0.0020  0.0000 
 1.1958  0.0349  0.0029  1.0650  0.0396  0.0001  0.0829  0.0000  0.0000  1.8420 
 0.0124  0.0000  0.0002  2.3798  0.0322  0.0125  0.3558  0.0000  1.5545  2.4319 
 8.5059  0.0000  0.0000  0.1465  0.0562  0.0004  0.0077  0.0000  0.2147  0.0021 
14.3656  0.0524  0.0000  0.0009  5.8291  8.1477  0.0001  6.5928  0.0001  0.0007 
 1.7406  0.0724  0.0000  0.0001  0.6886  1.3245  0.0000  2.2693  0.6513  0.0571 
 0.0000  0.0354  0.5734  1.8176  0.0000  0.0473  0.0001  3.4756  0.0000  0.0036 
 0.0016  0.1302  0.0000  0.0178  0.3300  1.5711  0.2840  0.3245  1.7887  0.2591 
 0.0010  2.3026  0.0000  1.2765  0.0364  0.7211  4.3561  0.0000  0.0005  0.0016 
 0.0143  0.0106  0.0425  0.0000  0.0000  0.0203  0.0000  1.1547  0.7252  0.0068 
 0.0000  0.0565  0.0367  0.0000  0.0001  9.9869  0.1365  3.5428  0.1376  0.0001 
 0.0356  0.6923  0.0000  0.0005  0.0032  0.2236  0.1510  0.0002  0.0013  0.0222 
 0.0000  1.8628  1.3533  0.0038  0.0000  0.0000 10.3851  5.7750  0.0133  0.0036 
 0.0000  0.0004  0.8805  0.0000  0.0121  1.7926  0.0071  0.1075  0.0013  0.5646 
 0.0064  0.0066  0.0000 25.4734  1.7857  1.1095  0.0006  0.0000 13.6127  0.0000 
 4.1903  0.3417  0.0000  0.2049 13.0904  0.0054  0.0000  1.3216  4.0752  0.0568 
 0.0010  0.0029  0.0000  0.0000  3.9594  0.0000  0.0000  4.4279  0.0020  0.0162 
 0.0001  0.1110 18.5474  0.0004  2.4245  0.0000  0.2373  0.0025  0.0001  0.0000 
 0.1820  0.2638  0.0000  0.0001  0.0891  0.0142  0.0000  4.6005  0.0000  0.3873 
19.8621  4.0052  1.7436  0.5250  1.7293  0.0080  3.7633  0.0005  0.0913  0.0010 
 2.6075  0.0000  0.0001  0.1612  0.0574  0.0021  2.7787  1.8330  0.3888  0.0000 
 0.0008  0.2933  0.0000  0.7816  0.6826  0.0103  0.0081  0.0004  0.0014  0.0005 
 0.0011  6.3244  0.0036  0.0021  2.7726  0.1105  3.0027  0.0000  2.6808  3.2398 
 0.0082  0.0649  0.0061  0.0398  0.0001  1.3303  0.0000  0.2695  4.1319  0.0033 
 0.1643  0.0004  0.0000  0.0000  0.0005  0.0020  0.3294  0.0070  0.1572  0.0001 
12.7985  0.0763  0.0150  0.0000  0.0333  1.7201  0.0001  7.5280  0.3980  0.0536 
 3.4478  0.4714  0.0000  0.0001  0.9720  0.0933  0.0142  0.9057  0.0209  0.0028 
 0.0002  2.1264 11.1381  0.0007  2.2234  0.1637  0.0516  0.0602  4.6164  1.8041 
 0.1980  3.0067  0.0296  0.0003  0.0000  0.0975  0.0020  0.0000  0.2569  1.4218 
 0.0057  0.0843  1.6853  1.2601  0.0644  0.0000  0.0292  0.8576  1.3035  2.4693 
 0.0000  0.0010  0.5840  1.3423  1.5226  0.0011  0.0000  0.0279  0.0038  1.4878 
 2.0214  0.0149  0.0000  0.0009  0.0217  0.0000  0.0000  2.7285  1.0057  0.1917 
 0.3023  0.0001  0.0204  1.2240  0.0134  0.0263  0.0113  0.0001  0.0003  5.6905 
 0.0015  0.0691  1.1197  0.0000  4.7141  7.1404  0.0000  0.0055  0.1681  4.0187 
 0.0036  0.0000  0.0362  1.0942  0.0000  0.0001  0.0522  0.0025  0.0392  0.0013 
 0.0500  0.0301  0.0000  0.0000  0.0228  0.3309  0.0372  1.4133  6.1072  0.4684 
 0.9210  0.1874  0.0000  0.0050  4.4297  0.0002  0.0001  1.9680  0.3584  5.9389 
 0.1771  1.1668  0.0910  1.8744  0.0000  0.0783  0.0007  0.8754  0.0710  0.1393 
 0.1828  4.8182  0.0063  0.0013  9.3993  0.0006  1.7802  0.0078  0.1834  0.0000 
 0.0000  0.0001  0.0088  0.0285  5.1905  0.0661  0.9871  0.1976  1.8944  2.0674 
 0.0035  0.0977  0.0000  0.0116  0.1041  0.0000  0.0011  0.0000  0.0345 13.5489 
 1.0055  0.9808  0.0393  0.0082  0.2939  1.5797  0.0000  0.5295  0.0000  0.0112 
 0.0317  6.4271  0.0000  1.6742  0.1787  0.1237  2.2536  1.2207  4.6266  0.0016 
 0.3947  0.0000  0.0001  6.5950  0.8060  0.0000  0.0016  4.0924  0.0023  2.7848 
 0.0001  0.0001  0.0272  0.0000  0.2098  2.9224  0.4937  0.0002  0.1864  1.9097 
 0.0484  0.0000  4.9235  2.8195  0.1338  0.0000  0.3786  0.0271  1.9992  1.3514 
 4.6998  0.0483  0.0025  1.9685  8.6427  0.3040  0.8392  0.0002  0.8886  0.0148 
 0.0000 20.2953  0.0000  3.9013  0.0967  0.0000  0.1197  0.7296  1.2379  0.0000 
 0.0062  1.5027  0.3681  0.0038  0.0001  0.0004  0.1192  0.0065 18.7117  0.0000 
 0.8165  0.0217  0.0008  0.3900  5.0452  0.1452  0.0005  0.0012  0.2665  0.0880 
 0.0000  0.0000  0.0269  0.4817  0.0000  0.0012  0.0025  0.0000  0.0924  0.0013 
 0.0250  7.4204  0.0443  0.0009  6.5677  0.0001  0.0000  0.2963  0.0010  0.0961 
 5.6933  1.0872  0.0001  0.1060  0.0234  0.0000  5.1928  5.3149  1.5751  0.0022 
 0.0032  0.0000  0.4960  0.0001  0.0702  0.0154  0.0000  0.2393  0.0962  0.0000 
 0.5264  0.1352  0.0000  0.6243  0.0005  0.0844  0.0000  0.0001  0.0000  0.0023 
 0.0050  1.0847  0.0004  0.0010  0.0000  0.6249  0.3708  0.9110  0.0000  0.0012 
 0.0023  1.4723  0.1190  0.0008  0.7630  0.0004  0.8340  0.4038  0.0000  0.0296 
 0.0116  0.0427  1.1105  0.1523  2.4803  0.0001  3.5284  0.0570  2.6707  0.0096 
 0.0002  0.0000  0.0017  0.0033  1.9981  5.7247  0.0000  6.1662  0.1277  0.0043 
 1.0535  0.0056  0.0000  0.0139  0.0071  0.0000  0.0000  0.0240  1.3390  0.9854 
 0.0013  0.0009  0.2611  1.7791  2.2160  0.0005  0.1181  0.0089  0.0000  1.9511 
 0.8411  0.0170  0.0489  0.8029  2.1917  0.0207  0.0419  0.0244  0.6019 16.8105 
 3.1937  0.3402  0.0000  0.0000  0.0008  0.0091  0.0000  1.6001  0.0002  0.0000 
 0.1170  2.5646  0.8377  0.0010  0.1731  0.0000  0.7749  0.0014  0.0000  0.0008 
 3.9570  0.0563  0.0414 18.0287  0.0682  0.7180  0.0000  0.5246  0.0001  0.0000 
 0.0079  2.0746  0.0015  0.0002  0.1554  0.0000  0.0084  0.4108  0.9810  0.0177 
 7.7324  3.1215  0.0007  0.0672  1.2576  0.0001  6.6385  0.0125  0.0000  0.0001 
 1.7721  0.1273  1.6448  0.0033  2.1476  0.0000  0.0059  0.0000  0.7122  0.0241 
 0.1004  0.9648  0.0000  0.0304  0.0907  3.2714  0.0032  6.3527  0.1011  0.0000 
 0.1291  0.0000  2.0947  0.2336  0.6822  0.3011  0.0000  0.0000  1.5608 13.6434 
 0.0000  0.0004  0.0000  0.0000  0.0016  0.0050  0.0577  5.0980  0.0000  0.0000 
 0.0031  5.1096  0.0003  1.3582  0.0000  0.0021  0.0000  0.0135  3.4761  0.0038 
 0.2191  0.1482  0.0589  0.0083  0.0487  0.0008  0.0013  0.2135  0.4475  0.0000 
 0.0416  0.2964  1.2405  0.0011  0.3413  0.1313  4.1893  0.0000  0.1284  0.3507 
 0.0000  0.6066  0.5656  0.2937  0.0505  0.0216  0.0002  5.5825  0.0002  3.8142 
