
Rates for sites

[replicate 1]
 0.0000  0.0603  0.0942  0.0278  0.0000  2.7551  0.9132  0.0010  0.0040 13.8937 
 0.0002  0.0000  0.0000  0.0000  0.8162  0.0012  0.0018  6.7968  0.0101  5.0789 
 0.6890  0.0002  0.0237  0.0058  0.0386  0.0003  0.3622  0.0029  0.0000  0.0004 
 0.0001  0.1153  0.0003  1.8267  0.0000  0.0235  0.0092  0.5327  0.2364  1.3465 
 1.0896  0.6006  3.6003  0.0292  2.0140  0.0000  0.4537  0.0203  0.0097  0.0060 
 0.0134  0.0104  0.0000  0.4860  0.9888  0.0018  0.3026  2.5514  0.0000  0.0000 
 0.0282  0.0000  1.2397  0.0000  0.0000  0.0000  2.8768  2.5970  0.0096  4.4689 
 0.0033  0.0200  0.0000  2.2878  0.0000  0.0712  0.2580  0.0000  0.0040  9.6383 
 0.0422  5.2603  0.0000  5.8055  4.3965  4.7811  2.1459  0.0231  0.0000  0.0597 
 0.3884  0.4974  0.0283  0.0000  0.4614  0.0223  1.1405  3.5267  3.8618  0.0000 
 0.1390  0.0000  0.0006  0.0013  0.0974  0.0031  0.0435  0.0859  0.0018  0.0000 
 0.0155  0.1780  0.8317  7.5805  6.8981  0.2462  0.0714  0.7885  0.0843  0.1958 
 0.0115  0.0752  0.0005  0.0089  0.1338  0.0000  0.0030  1.0815  0.0012  0.0446 
 0.1311  0.0001  0.1986  0.0000  0.0247  0.1726  0.2018  0.0000  0.3221  0.0467 
 0.0000  5.1861  0.0196  0.0001  0.0061  0.0254  0.0000  0.3293  0.0052  0.0006 
 0.0993  0.0000  0.0308  0.0110 17.9334  0.0126  0.1097  0.6683  0.0013  0.0002 
 0.0058  5.3619  0.0028 10.5921  0.0000  1.0300  0.0002  0.0000  0.2588  0.2326 
 4.3597  0.0002  0.0002  0.4190  0.0000  0.6736  0.4357  0.0008  0.0005  0.1998 
 1.6913  0.0124  1.3897  0.0001  0.0523  0.0019  0.0131  0.0000  0.0016  0.9068 
 0.2993  0.0971  0.3443  0.0002  0.0353  0.0111  1.5543  0.0437  0.0587  6.0910 
 3.9170  4.1401  0.0113  0.1702  0.1816  4.6989  0.9704  0.0004  0.0000  0.0001 
 0.0160  0.0014  0.1051  0.0563  0.0577  0.0763  0.0166  0.0076  0.0000  0.2309 
 3.0494  0.0000  0.0068  0.0002  0.6097  0.1863  0.0160  0.0074  0.1020  0.0000 
 0.8995  3.9777  0.0081  0.0025  2.9426  2.4428  0.0000  0.0081  0.1675  0.0000 
 0.2771  0.5968  3.7924  6.7551  0.0053  0.4235  3.1418  0.0073  0.4856  0.0000 
 0.0000  0.0819  0.0000  6.9813  0.1850  0.2264  0.0326  0.0001  0.4601 36.0796 
 0.7241  0.0000  0.8701  0.0025  0.2369  7.7995  0.0350  0.0000  0.0786  0.0006 
 0.4638  1.0186  2.9550  0.0093  1.6187  0.0042  0.0001  0.2845  0.0000  0.0004 
 0.0463  0.0026  0.0000  2.2691  0.3249  0.0058  0.0017  0.7245  0.0000  0.1295 
 8.6297  0.0058  0.0000  0.1724  0.0150  0.0076  0.8701  0.0009  0.1067  0.0001 
 0.0842  6.8647  0.9798  2.3405  5.6231  1.0926  0.0029  0.9733  0.0204  0.0667 
 0.1708  0.0197  0.0000  0.0045  2.8971  1.0446  0.0012  0.0000  0.0182  0.0046 
 0.0000  0.0145  2.7516  0.0000  0.0605  0.0039  0.0038  0.0000  0.0000  0.0219 
 0.0240  0.0347  0.0763  0.1152  0.1996  0.0008  0.0006  0.0253  0.0000  1.3785 
 1.7178  0.0000  1.5475 28.8103  0.0189  0.1932  0.0652  3.7445  4.7793  0.0000 
 0.0000  0.1145  0.0031  0.0250  0.0000  0.0000  0.1188  0.0080  0.0009  2.9614 
 0.0010  0.0027  0.1997  1.7996  0.0212  0.1063  0.0102  0.7930  0.0057  0.0000 
 0.0003  0.2227  0.0136  0.7069  0.1544  0.0000  0.3220  5.1176  5.8256  0.6473 
 0.0040  2.3397  0.0000  4.6112  0.0000  0.0003  0.0000  0.0389  0.0000  1.1451 
 0.0000  0.0845  0.0869  0.0000  0.0043  0.1548  0.0000  0.0004  0.0000  2.1722 
 0.0000  0.5692  1.3812  6.9624  0.0369  2.0347  0.0000  0.0037  0.0000  4.7478 
 1.3583  0.0694  1.0672  0.0083  2.9223  3.5619  0.9728  2.1056  0.0006  0.0000 
 0.3017  2.3529  0.8174  1.7203  1.7172  0.0000  0.0000  0.1042  0.6979  0.0002 
 0.0017  0.0030  2.3528  0.0003  0.1345  0.0129  0.2417  0.0000  3.1880  1.1814 
 0.0001  0.0369  3.3632  0.0224  0.0000  0.0363  0.0012  0.0009  0.0000  0.0005 
17.7124  0.5588  0.0362  0.4709  1.3306  1.5497  0.0177  0.7891  0.0000  0.0001 
 0.0000  0.0526  1.3305  0.3411  0.0154  0.2371  0.0000  0.0115  0.0015  0.0005 
 0.3104  0.1217  0.0000  0.0000  0.9207  4.3335  0.0001  0.0235  0.6478  0.0000 
 0.0005  0.7819  4.9775  0.0000  0.0008  9.1758  4.4564  4.6305  0.3587  0.0036 
 4.6697  0.0598  1.3320  0.2043  2.5529  0.0790  0.0000  5.0076  4.9563  0.2052 
 0.0023  0.0000  2.5900  0.0291  0.6182  0.1501  1.2162  0.5940  4.6356  0.1181 
 0.0176  0.0628  2.7476  3.2549  0.0078  0.4025  0.6524  0.3856  3.9526  0.1968 
 0.0016  7.5186  0.0940  0.0105  0.0537  0.0003  0.5026  0.0039  0.0434  0.3981 
 4.2466  0.1244  0.1491  0.0002  0.0373  0.0000  0.0002  0.0069  0.0001  0.0000 
 0.0010  0.0000  0.0000  0.0027  0.0004  0.0000  0.0526  0.0002  0.0002  0.0211 
 0.0199  8.6689  0.0028  0.0002  0.0014  0.0004  1.5455  2.0463  0.0003  0.0611 
 0.0166  0.0808  0.1246  0.0099  0.0000  0.3242  3.0916  0.1039  1.1622  0.0000 
 2.1535  0.3457  0.0000  0.0769  0.0000  0.6931  0.5409  0.0000  0.5795  0.0332 
 1.9022  0.3360  0.0001  0.0000  1.4088  0.0031  0.1356  0.0012  0.0007  1.3021 
 0.5520  0.0086  0.0204  4.2594  0.0000  4.4338 13.2016  0.0016  1.3378  0.6631 
 0.1810  0.0079  0.1420  2.8575  0.0000  2.1649  3.0550  2.7915  0.0000  0.2028 
 0.6699  0.0000  1.7952  0.0604  0.0000  0.2400  0.0014  0.0000  1.1382  0.0000 
 0.0000  0.0187  0.0291  0.0726  0.1985  0.1462  0.0007  0.0089  0.0015  0.0082 
 0.0001 10.0003  0.0009  0.0000  0.0290  0.0280  1.2199  2.6266  0.0000  1.3244 
 0.0844  0.0002  0.0532  0.0020  0.1767  0.0090  0.5897  0.2457  0.9948  0.0000 
 1.7873  2.2765  0.0002  0.2132  0.0022  0.0000  1.2917  0.0088  0.0090 11.1147 
 0.0001  0.0012  0.6175  0.2279  0.0002 12.5319  0.0818  0.5573  0.0158  0.0316 
 0.9052  5.4842  0.0088  0.0013  0.0557  0.0001  0.2730  0.4343  0.0049  0.4496 
 1.0465  0.1562  0.0048  0.2591  0.6847  0.9455  0.0759  0.0272  0.0181  0.0001 
 0.8972  0.0033  0.0000  0.0000  0.1919  0.0023  4.4186  0.0008  0.3272  1.6006 
 0.0661  0.0122  0.8459  0.0315  0.0205  0.2596  1.5312  0.0000  1.1367  1.4948 
 1.7508  0.0003  0.0135  0.9621  0.3263  0.0087  0.2942  0.0571  0.0016  0.0010 
10.9027  0.0174  0.0256  0.1454  0.0232  0.0000  0.0101  0.3410  2.4810  0.0340 
 0.0000  0.0037  0.8643  4.2460  0.1101  6.6340  0.0014  1.5708  0.0027  0.2825 
 0.0485  0.0284  5.3059  0.1158  0.0000  0.0000  2.1248  1.7027  0.0012  0.1300 
 0.0055  1.2946  4.5528  0.0088  0.0002  3.3596  0.0051  1.4734  4.1354  0.0000 
 0.0001  2.5091  0.0006  0.1871  0.1804  0.0000  0.0001  0.1830 10.0180  0.0455 
 0.0098  3.7886  0.0624  0.9156  1.8593  0.0007  0.0010  0.0010 25.1449  5.9411 
 0.0115  0.0003 12.7847  0.0000  0.1293  0.0000  0.0000  0.0167  0.0177  7.3549 
 0.0016  0.0000  6.4288  0.0178  0.8501  0.0003  0.0679  0.0000  0.0000  0.1733 
 0.0002  0.1287  0.1993  1.2281  0.7737  0.0096  3.3785  0.0000  0.1920  0.0000 
 1.9292  0.0013  3.8437  0.0000  0.0007  0.3876  0.3729  0.0000  9.7610  0.4219 
 3.1581  0.0025  8.9856  0.0043  0.0116  0.0122  0.0000  0.0001  0.0000  0.0073 
 0.0006  0.0078  0.1987  2.6333  0.5778  0.6043  0.2744  0.0000  1.9464  0.4213 
 0.0000  0.0034  2.8676  0.4238  1.4676  0.3592  0.0027  0.0785  0.0000  3.9560 
 0.0082  0.0000  0.0286  0.0019  1.0656  0.0262  0.1925  5.4048  0.0000  0.0003 
 0.0681  0.1615  0.1388  1.1150  0.0095  0.0269  0.0004  0.0008  0.7273  0.6857 
 0.0012  0.0343  0.0393  0.9537  0.1879  0.7926  0.0001  1.1178  1.4296  4.0577 
 0.0035  0.0101  0.0003  1.0632 12.5395  0.0000  5.1114  0.0092  0.0090  0.0000 
 2.2687  2.5911  0.0000  0.9982  0.0748  0.0900 12.9260  0.0013  0.0000  0.0045 
 0.0000  0.0000  0.6903  0.0087  0.0001  4.7289  0.7281  6.2528  0.0033  0.4018 
 0.1662  3.1834  0.0002  0.4649  3.0793  2.8358  1.3560  2.2941  0.0000  0.0008 
 0.0002  4.4198  0.0004  0.0015  0.5824  1.7109  0.0005  0.0047  0.0000  1.4755 
 0.0000  0.0016  0.0176  3.5138  0.0000  5.3783  3.9096  0.0000  0.0920  0.0050 
 0.1516  0.0006  1.8632  0.0949  0.0009  0.0075  0.2308  8.7315  1.7281  0.5911 
 0.8403  0.8013  4.3842  7.5390  2.4428  0.0000  0.7198  2.1284  1.2594  0.0000 
 0.0001  0.0267  7.4962  7.0328  0.3449  0.0000  3.4591  0.0000  2.6126  0.3137 
 0.4358  0.5411  0.0006  0.4097  0.0903  0.0000  0.0000  1.2719  0.0000  1.2872 
 0.0633  0.0076  0.0000  0.0017  0.0000 11.0065  2.5696  0.0000  0.0043  0.0194 
 0.0044  0.0024  0.0000  0.0006  5.4201  0.0021  0.0000  0.0000  0.0042  0.0000 
 0.0425  0.0077  0.6991  8.5634  0.0001  0.0567  0.0000 12.1635  0.6165  0.0003 
 0.2527  0.0001  0.0000  0.0005  0.9492  0.2819  0.0000  0.2889  0.0758  1.6518 
 0.4792  0.0016 23.3066  0.4253  2.2296  6.9080  1.0705  0.0000  0.3392  0.0124 
 0.0041  2.5809 11.3828  0.0000  0.0000  0.0003  0.0010  0.0001  0.0079  0.0491 
 4.5930  3.3756  0.0000  0.0000  0.0017  0.3658  0.3132  0.0001  0.0773  0.0088 
 0.5300  0.0000  0.0099  3.4454  0.7071  0.1265  0.3712  0.0000  0.0000  0.0292 
10.3798  0.0523  0.0002  0.0100  2.3248  0.3058  0.2695  0.5648  0.0002  0.0002 
 0.0082  0.0000  0.0120  0.0000  2.6096  2.2169  0.0001  0.2849  0.0000  0.3164 
 0.6548  0.0293  0.0000  0.0026  0.0289  0.3043  0.0015  2.1358  2.0624  0.1175 
 0.0756  2.3340  0.0000  0.0565  0.0000  0.0031  0.0000  0.0616  6.1151  0.1732 
 0.0000  0.1884  0.0000  0.0324  0.0000  0.0061  0.0690  0.0002  0.0789  7.4165 
 0.0003  0.0197  0.0218  0.0022  0.0000  0.0000  0.0000  0.0003  0.0076  0.0056 
 1.0848  0.2818  2.6080  0.0042  7.4018  8.9584  0.0000  0.0004  0.0000  1.9948 
 0.0069  1.2229  6.7888  0.0011  1.6068 12.3875  0.7081  1.5222  0.2931  1.0119 
 0.5518  0.4345  0.0000  0.0971  0.0973  4.0648  0.0001  0.5483  0.7314 13.7064 
 0.0031  0.8771  0.3088  8.9890  0.0662 11.3770  0.0002  0.6273  0.0049  0.0004 
 0.8750  1.5548  1.9761  0.6412  0.0003  0.4820  0.7611  0.9483  0.0244  0.0858 
 0.0000  0.1918  0.3139  0.1974  0.0051  0.0169  0.0001  1.9420  6.2259  2.9052 
 0.0000  4.6244  0.1745 11.6720  0.0002  0.1937  0.0002  0.5340  0.0373  0.0000 
 0.0000  0.0000  0.0000  0.4869  0.0016  0.0000  0.3269  6.3637  0.0000  6.4592 
 0.0000  0.0284  0.3516  0.0321  0.0018  0.0735  0.8401  0.0000  0.0000  0.0000 
 0.0078  0.3277  0.1631  0.0026  0.0000  0.7642  0.0358  0.0212  2.5882  0.0007 
 0.5156  2.3744  0.0000  0.0000  0.0000  0.0005  0.0900  4.2462  0.0193  0.0354 
 0.1057  0.0000  9.4947  0.0050  0.0000  0.0102  0.2755  0.0323  0.7605  0.0212 
 1.4126  0.3403  0.0028  0.0286  0.0076  0.9309  0.0000  0.1832  0.0000  0.0061 
 0.0401  0.0138  0.9963  0.0092  3.1765  0.0002  1.9868  5.1083  0.2121  0.0000 
 0.0009  0.0000  1.1245  0.0001  0.0000  0.0001  0.3002  2.1795  0.0002  0.0000 
 0.0159  0.0001  3.6932  0.0002  2.4461  3.0943  8.6766  0.0017  0.0000  0.0000 
 0.0327  0.0010  1.8377  0.0002  0.0008  0.3325  0.0251  0.0216  0.0027  0.0000 
 7.8869  7.2960  2.2391  0.3889  4.4050  0.0038  0.0001 16.7003  4.5447  1.1048 
 2.7515  0.0355  3.6477  0.7432  0.0000  2.8748  0.0004  1.9047  0.0000  0.0261 
 0.0000  0.9539  0.1235  0.0000  1.9764  1.3862  0.0006  0.6075  2.1331  0.3641 
 0.0000  0.0030  0.0038  0.0012  0.0314  5.7929  0.0072  0.0000  0.0000  0.0005 
 0.0000  0.2418  0.0000  2.8617  3.3722  0.0001  0.4035  0.0485  0.0005 15.5364 
 0.0000  0.0108  0.0024  0.0057  0.8359  9.0831  0.0021  0.0879  0.2126  0.0425 
 0.0001  0.0155  0.0001  0.0000  4.6586  4.3143  0.2866  0.0497  0.0027  0.0606 
 0.0040  0.0005  1.2743  0.0000  0.0676  0.0004  1.0097  1.5048  0.0027  0.0514 
 0.0000  2.4403  5.7282  0.0320  0.0000  0.0000  0.0000  0.0027  0.6681  0.0034 
 0.1732  0.0381  2.4265  0.0003  0.0040  0.0171  0.7906  0.1033  0.0001  0.0013 
 0.0044  0.0000  9.8458  7.1847  0.0000  1.1535  0.0000  0.9534  1.4985  0.0000 
12.3537  0.2988  0.0286  0.0001  0.0171  0.0023  0.2211  0.8945  0.0000  0.0000 
13.7292  4.5265  0.0000  0.0011  4.2453  0.0174  0.0318  0.5441  0.0388  3.7185 
 0.0832  0.0000  0.0000  0.3956  0.0687  0.0000  0.4287  0.0000  0.1274  3.3752 
 0.0030  0.0000  0.5687  0.0000  0.0000  2.7957  0.0174  0.0000  0.0070  0.9459 
 0.1787  3.9017  0.0520  1.0298  2.6967  0.0048  0.0000  1.0087  0.4225  0.3518 
 0.1535 12.1894  1.2121  0.0003  0.1318  0.0001  1.6576  0.0000  0.0613  0.0040 
 4.5868 20.4124  0.1513  0.0000  0.0019  0.0001  0.0000  0.0093  0.0001  0.0359 
 3.5575  0.0377  4.5210  0.6845  0.5621  0.1216  0.0000  0.0555  8.0778  0.0000 
 0.0006  1.4710  1.2287  0.5273  0.0291  0.1191  5.5045  1.4006  0.0000  1.1022 
 0.0685  0.0019  0.8960  0.0708  0.2847  0.0000  0.0093  0.0000  0.0022  5.5449 
 0.1025  0.1214  0.6977  0.0000  0.0001  0.4728  0.0000  0.0251  0.0005  0.0117 
 0.0000  0.6848  0.0002  2.5807 11.8102  1.3472  0.9533  0.0036  3.7210  0.0000 
 0.0068  0.0000  0.0050  1.4792  1.2974  0.0011  5.3796  0.0261  0.0001  0.0403 
 0.7749  0.0001  0.0395  0.0007  0.5110  2.2704  0.0145  0.0191  0.2927  0.5168 
 5.2401  0.0000  2.8128 16.3970  0.0710  0.0872  0.0020  0.0428  1.1321  1.2153 
