
Rates for sites

[replicate 1]
 0.1812  0.0000  0.0618  0.7732  2.5769  0.0000  1.7201  2.8273  0.1412  0.1424 
 0.8133  0.0077  6.6539  0.1867  8.5995  0.0001  0.0337  0.0001  0.0019  0.0112 
 0.2262  0.1171  0.7113  5.6819  0.0004  5.2655  2.7359  0.0868  0.0472  2.3826 
 0.0158  0.0371 15.9496  0.6764  1.4916  0.0007  2.9199  0.3873  0.9616  0.0000 
 0.0238  0.0022  0.0000  0.1705  0.0000  0.0000  0.2555  0.0147  0.8538  0.1407 
 0.9055  0.0000  0.3284  0.0019  0.0000  4.7835  2.9509  0.0000  1.5959  2.1269 
 0.5525  5.1262  0.4866  0.0066  0.0463  1.7335  2.9322  0.5067  0.0001  0.2277 
 3.2860  0.3896  2.3749  0.0000  0.0384  4.2686  0.0071  0.0023  0.0001  2.8132 
 0.0000  0.0000  0.1257  0.0041  0.0013  0.0726  0.0000  0.0050  0.0000  0.0055 
 3.9467  0.7169  3.2352  0.0235  3.8544  0.0141  0.0283  0.0010  0.3085  0.0012 
 0.1078  0.0000  0.0024  0.0000  0.0233  0.0000  0.0001  0.0015  0.7171  0.0000 
 0.0866  0.0009  0.1905  0.0351  0.0007 16.7278  0.8555  0.0034  0.0074  0.0006 
 0.0292  6.5272  0.1884  6.0521  0.0046  0.0584  0.0002  0.0028  0.0026  0.4532 
 0.0026  4.3942  0.1248  0.1263  0.1492  0.0000  0.0869  0.2787  0.0141  0.0007 
 0.0445  0.1334  1.6441  0.0162  0.3028  0.4146  0.0001  0.2067  0.1794  0.1462 
 0.0332  2.4255  1.3055  3.0721  0.0319  1.0536  0.9191 14.4189  0.2759  6.5547 
 2.5138  0.0699  0.0003  0.0055  0.0015  0.2326  0.0031  0.0197  0.4230  0.0187 
 0.0000  0.0613  0.9260  0.4520  0.0000  0.0000  0.0000  2.0983  5.6316  0.0106 
 0.0000  0.5552  0.0447  0.0487  0.7239  0.0000  0.4504  0.4807  6.7126  1.7803 
 0.0049  4.6763  5.6632  0.0000  0.0491  0.0001  1.1347  0.9983  0.6572  5.2422 
 4.2793  0.0001  0.0013  0.0027  0.0277  0.2275  0.4120  0.0000  1.0065  0.1413 
 0.0009  0.0028  0.0006  0.4173  0.0277  0.1238  0.0869  0.0000  1.6293  0.6717 
 0.4727  3.9550  0.0234  0.0294  0.0000  4.1797  0.3550  0.0127  0.3900  0.0000 
 0.0018  0.0001  0.0185  0.0230  0.0003  0.0029  0.0000  0.1007  0.0466  0.0071 
 5.3197  0.1063  0.0741  2.2015  0.1607  0.0713  0.0001  0.0864  0.0006  8.6101 
 2.4987  0.0000  0.0001  0.0308  0.0000  0.0222  0.0000  0.0651  0.4751  0.9148 
 0.7810  0.0004  0.0640  0.3574  0.0000  0.0000  0.0000  0.9848  0.1092  0.0003 
 0.9138  0.0000  3.0125  0.0001  0.0113  4.7088 11.2523  0.8417  0.0000  0.1802 
 3.4368  7.6332  0.0004  0.5307  0.0030  0.3044  3.4348  3.0449  7.1138 11.3731 
 1.9834  0.2462  0.0052  0.0156  0.0000  0.0002  0.0000  0.0424  0.0039  0.4205 
 0.0000  0.0021  0.0018  0.0033  2.7917  7.5318  9.2259  3.9365 18.0159  0.1381 
 1.6317  0.0000  0.0000  2.5022  4.2373  0.4906  3.5697  3.3628  0.0000  0.0441 
 0.0281  0.0577  6.4639  0.0024  0.3841  0.2157  0.0010  0.0002  0.0000  0.0000 
 0.0000  1.7321  0.3729  0.1520  0.0000  1.8688  0.4021  5.5122  1.0499  0.0000 
 0.2567  0.0038  0.0000  0.4995  1.7697  0.0019  4.6133  0.0000  7.6105  0.0215 
 0.0112  0.0044  0.0000  6.8335  4.0539  0.0000  0.0005  0.0232  0.6669  1.0902 
 3.9849  0.2225  0.2083  0.0002  0.0017  1.7895  0.4170  0.0000  0.0000  0.0059 
 1.9145  0.6201  0.2270  1.5923  0.0000  2.4846  0.0000  0.0000  0.4886  0.0001 
 0.0000  0.0113  3.8951  0.6647  0.0034  0.0002  2.2137  0.0000  0.0099  6.4983 
 0.0910  2.6315  0.0000  0.5791  0.0058  0.1496  0.0000  0.0016  0.0653  0.0077 
 1.2461  0.1374  0.2281  0.0000  0.0002  0.0000  0.0000  0.0180  1.8360  6.1772 
 8.9004  3.2412  7.6116  0.0001  0.1623  1.3661  0.0001  1.0037  0.1751  0.0254 
 1.1193  0.0712  0.0001  0.0025  2.3261  0.0044  0.0001  0.0019  0.0000  0.0049 
 0.0010  0.0023  0.0014  0.0394  1.5277  0.0782  0.0021  0.0036  0.0002  0.2009 
 0.0007  0.0974  0.2204  0.0000  0.0717  0.0080  3.5897  0.0073  0.2413  0.0000 
 0.0302  0.4261  3.5041  0.1266  0.0000  0.5785  0.7215  0.0013  0.0000  0.3276 
 0.6245  6.5054  0.0009  0.0000  2.1335  1.7337  0.1581  0.9305  0.0002  0.0000 
 0.0141  0.0000  4.3360  1.1811  0.7147  0.4521  0.0686  0.4261  0.6119  0.0007 
 0.7825  0.0495  0.0543  0.0002  0.2659  2.1974  0.4031  0.0007  0.3525  0.0652 
 0.0000  0.0001  0.6148  3.8584  0.0000  0.0862  0.0000  0.0428 11.8394  0.5477 
 0.2698  0.0001  0.0277  0.1622  4.1030  1.8322  0.0001  0.1822  0.0390  4.9908 
 0.0147  0.0001  1.3002  1.3633  1.9327  0.1676  0.0054  0.0000  0.2071  1.1009 
 0.0005  7.7256  0.0000  1.2194  0.0001  0.0003  0.0001  0.3754  3.7163  0.0026 
 0.0000  0.0002  4.3575  0.0406  0.0000  0.0028  0.0013  0.0000  0.0000  1.2926 
 0.0608  1.1637  0.0011  1.0381  0.0000  0.0219  8.4436  0.1437  0.2643  2.6317 
 0.3286  0.0525  0.0123  4.8141  0.2566  3.3046  0.0000  0.0336  0.0499  0.0035 
 0.1379  4.2430  0.2083  0.0001  0.0026  0.0129  0.5839  0.0000  0.0065  0.0032 
 0.0796  0.3512  4.2041  0.0025  1.4421  0.0000  0.0000  0.0461  0.0348  6.3044 
 0.0182  0.5256  0.0000  0.0000  0.0000  3.0098  0.0392  0.0000  0.0071  0.3023 
 0.1236  0.0003  0.0051  8.8924  0.0378  0.0060  0.7245  0.8129  0.0003  0.4103 
 0.0040  0.0000  0.0000  0.0000  0.0002  0.0102  0.0267  0.1921  0.0001  0.0002 
 0.0000  0.0051  0.0506  0.0824  0.0012  0.6301  0.0011  0.7095  0.0055  0.0251 
 0.0000  6.0246  0.0000  4.8217  0.0000  0.2759  0.0037  1.3174  0.0155  2.7391 
 0.0000  5.2600  0.1214  1.2719  0.0000  0.0000  0.0047  0.1591  0.1491  0.0001 
 4.4176  0.0000  0.1007  3.5770  0.0000  1.4658  0.2623  0.0002  2.4544 10.5594 
 1.1158  0.0809  0.0000  0.0001  0.0173  0.0215  0.0000  0.0000  0.6416  0.0101 
 0.0001  0.2399  0.0000  0.3607  0.9092 16.7313  0.0000  0.6631  0.1272  0.1386 
 2.8901  0.0330  0.0496  6.5498  0.8842  0.0931  0.0022  0.0000  1.4352  0.0176 
 0.2927  0.6246  0.0001  0.7158 12.1115  0.0000  0.5848  0.0000  0.8090  0.0170 
 0.0111  0.0006  0.0018  0.8162  2.6128  0.7640  0.0440  0.0000  0.0014  0.0500 
 0.2296  0.4171  0.1662  0.0000  0.0015  1.1759  0.1576  6.0881  0.4176  0.5556 
 0.2650  1.7013  0.1088  0.0000  0.0119 14.4597  2.1374  0.0025  1.4460  0.0034 
 0.0102  0.0002  0.0011  0.5554  0.0004  4.2080  0.9947  0.5155  0.0000  0.2004 
 0.1587  0.0017  0.0000  4.0017  0.0000  0.0071  1.5856 12.2237  0.0113  1.8338 
 0.3580  0.0000  0.0847  0.0000  0.3874  0.0000  0.0001  2.1235  0.0209  0.0217 
 0.0825  0.1970  0.0231  0.0000  1.5623  0.0030  0.8484  0.0018  0.3772  1.9136 
 0.2753  0.0415  0.8697  0.0000  0.0001  0.0000  0.0003  0.3310  1.6360  1.8101 
 0.0000  0.0066  0.0309  0.0003  2.9370  0.0000  0.5641  0.0269  0.0002  1.6330 
 2.4575  0.4538  0.4074  5.6365  0.0675  0.0023  0.0000  0.0186  0.2959  0.3310 
 0.0963  0.9214  0.0044  1.6487  5.2346  0.1009  0.2997  0.6304  0.0555  0.0030 
 1.5351  2.4895  0.0070  0.0370  1.4211  0.0687  0.2796  4.5982  0.3710  0.1674 
 9.3898  0.0008  0.0065 10.3976  0.0059  0.0001  0.0039  0.9120  0.0000  0.0003 
 0.1190  0.8706  0.0862  0.0001  0.0006  0.1639  0.0000  0.1305  2.8085  0.0000 
 0.1127  0.0578  0.0126  6.2207  0.3260  0.5263  0.1004  0.4143  1.0232  0.0438 
 0.6695  0.0521  0.5709  0.0044  0.0003  1.8786  0.8192  0.1583  0.0066  0.9064 
 0.6843  0.6059  0.0751  0.2658  0.0349  0.0000  0.0000  0.3425  0.0083  0.0000 
 0.0001  3.6053  0.0000  0.0266  0.0001  0.0000  0.0007  0.0107  0.0022  0.0477 
 0.0003  5.9038  0.0003  0.0000  0.6436  0.0012  0.0011  0.0023  0.0432  0.8448 
 0.1118  0.0024  0.0138  0.0008  0.0000  0.0000  0.5779  0.0000  0.0028  0.0000 
 5.2222  0.1096  0.1644  2.8786  0.0064  0.0006  0.1110  0.0075  1.1858  0.0194 
 0.0429  3.3421  0.2805  0.0265 13.1526  0.0671  2.5148  0.0442  0.1844  1.3191 
 0.0006  0.1487  0.0759  1.9018  0.0331  0.0000  0.0006  2.2812  0.0000  0.2921 
 0.0001  0.0062  0.0748  0.0311  0.1056  0.0000  0.2498  1.9773  0.0000  0.0227 
 1.5340  0.0268  0.0008  0.0000  0.0476  2.7649  0.0000  0.1337  0.1813  1.4870 
 0.0070  0.6217  0.0000  0.0011  0.2057  3.3286  0.1032  0.4549  3.3773  0.0161 
32.8593  0.0179  0.1305  0.0011  0.2454  0.0025  0.6883  0.0074  0.0097  0.0751 
 0.0000  0.4188  0.0077  0.0633  0.0981  1.0832  0.3057  1.5172  0.0001  0.0000 
 0.0070  0.0033  0.7311  0.0099  0.0017  0.0130  0.0817  0.0002  2.4941  2.3009 
 0.1049  1.0446  5.0962  0.0000  0.1850  0.0153  0.0379  5.5707  4.1059  0.4748 
 0.0059  0.6908  3.5849  0.0000  0.2896  0.1249  0.1058  0.0000  0.0001  2.3563 
13.8142  0.0489  0.0000  0.0036  1.5233  0.6405  0.0002  0.0026  1.7271  0.0155 
 0.0977  6.9345  0.0087  0.0000  0.8253  0.0013  0.2745  1.6793  1.0292  0.0247 
 0.0242  0.0205  5.9425  0.0114  0.0112  0.1581  0.0000  0.0000  1.6136  0.0027 
 0.1328  0.0181  0.0787  0.0000  0.0012  0.0746  0.0165  2.5913  2.4829  0.0388 
 0.0000  0.0071  0.0000  0.6324  0.0294  0.0003  0.5794  0.0000  0.1974  0.3971 
 0.0000  0.0000  1.1127  2.9097  0.9254  0.6750  4.2685  0.2232  0.0056  7.7841 
 0.0232  5.6831  0.0092  0.0149  1.2969  0.0000  0.2770  0.0002  0.0358  0.7871 
 0.0000  1.4624  0.3001  0.0001  0.6250  0.0357  0.0409  0.4177  6.6397  0.0100 
 0.0084  0.3212  0.0001  0.0000  1.9589  0.0002  0.0046  0.2677  0.0487  0.6068 
 1.4384  1.5542  2.8466  1.0324  0.0000  0.0000  1.5081  4.2511  0.1414  1.4306 
 0.0411  5.4832  0.1172  0.0800  1.4399  1.8472  0.3139  0.5459  0.0818  0.0230 
 0.7895  6.8623  4.8991  1.1444  0.0000  1.7191  3.4470  0.2429  0.0165  0.0071 
 0.2295  0.3160  0.0973  0.0001  0.0038  0.3135  1.9027  0.0011  0.1430  0.0100 
 4.6861  0.0000  0.6986  0.0000  0.0392  0.0967  0.0071  0.0112  0.0000  0.0000 
 0.0011  0.0000  0.5095  2.1950  0.2199  0.4044  0.0101  0.0339  0.0000  0.8932 
 0.0115  0.0001  0.0645  0.0000  0.0933  0.8436  2.6341  0.2339  0.1892  0.4192 
 4.4242  9.1591  0.0001  1.4982  0.0666  7.2083  0.0041  0.9594  5.3261  0.0069 
 0.1884  0.3181  2.9963  0.1354  0.3903  0.1206  5.2512  0.0433  0.0265  0.6358 
 0.0265  0.0809  0.0160  0.0099  0.0001  1.7990  0.1162  2.8122  0.5404  0.3551 
 0.1066  0.1382  1.1758  0.0001  0.0031  0.0000  0.8334  3.9160  0.6140  0.0000 
16.7966  1.0358  0.1386  2.0317 17.3268  0.0612  1.8629  0.0000  0.0000  1.5840 
 0.5447  0.0193  1.3396  1.8771  0.0000  0.2131  0.1937  3.0019  0.0000  0.0035 
 0.0384  0.0042  0.0352  0.8068  4.5525  1.2782  0.0135  0.0140  0.8203  0.0001 
 0.0000  0.0712  0.0514  0.0008  0.0005  2.0889  0.0000  0.3083  0.0198  0.0000 
 0.4989  0.0735  0.0000  0.0037  0.1230  0.0000  0.0228  0.1650  0.0067  0.1733 
 0.6923  0.0000  0.0067  0.0233  0.0000  0.0009  0.2494  0.1757  0.0000  3.0732 
 0.2273  0.2417  1.3217  0.6355  0.0000  3.4612  0.0939  0.0020  0.0202  7.2331 
 2.8041  0.0001  0.0248  7.0959  0.0015  0.0000  0.0208  0.0308  0.0904  1.8617 
 0.0289  0.0000  0.4708  0.0000  0.0089  0.0000  0.4408  0.3230  0.0008  0.3574 
 6.2434  8.3927  0.4706  0.0047  0.0279  0.4609 19.5589  0.0001  0.0014  0.1767 
 0.0000  0.0000  0.0001  0.0851  0.0155  0.0321  0.6407  0.0000  0.8660  0.0134 
 0.2441  0.0215  0.0000  1.6910  0.0352  0.1329 11.4625  0.0000  3.4228  0.2836 
 0.0006  0.0653  0.0000  0.0801  0.0000  0.0366  0.0010  0.0000  0.3343  0.0000 
 0.1429  0.0582  0.0000  0.0158  4.4063  3.8324  0.0000  0.0000  0.1182  0.0224 
 0.0000  0.0001  4.2997  0.0000  2.9361  0.0017  0.0011  0.0014  0.0115  0.4031 
 0.0000  0.0273  0.0000  0.1370  0.1368  2.5945  5.5177  0.2334  2.0864  0.0000 
 0.0000  0.0001  0.3070  0.0773  0.0000  5.2865  0.0000  4.7731  0.2140  0.0213 
 0.0114  2.8662  0.7599  0.6768  0.0000  0.0000  0.1679  0.0554  0.0231  0.9309 
 0.0002  0.0063  0.0158  0.0412  0.3523  0.0144  1.3148  0.0135  2.2590  0.0002 
 9.8340  3.9246  0.1664  2.6706  0.1074  1.1044  0.0000  0.0000  0.7192  0.0019 
 0.0155  0.2578  1.1318  0.0000  2.4563  0.0703  0.0001  0.0000  0.0047  3.7779 
 3.0065  0.0504  0.3942  0.0136  0.0011  0.0158  2.0783  0.0096  1.5954  2.7351 
 0.0005 15.0364  0.0000  1.5163  0.4823  0.0000 15.0791  0.0000  8.8214  0.3549 
 0.0358  0.0001  4.0565  1.5481  2.1026  0.0065  7.3608  0.0000  0.0094  8.0798 
 0.0000  0.0004  6.8817  0.0603  0.0000  2.3214  0.0000  0.0618  0.0002  6.0981 
 0.2499  0.3493  6.8024  7.3875  0.3584  0.0267  7.0574  0.1222  0.1167  0.0000 
 2.4823  0.0232  0.0038  0.1062  0.0041  2.0076  0.0000  0.3957  2.8635  0.2306 
 0.1477  0.0001  0.0256  0.1271 11.6567  0.8832  0.0024  0.0163  0.3179  0.0001 
 0.0009  0.0066  0.4095  0.3600  0.0095  0.0000  0.1266  0.0004  0.1985  6.7567 
 0.0567  1.0520  0.0094  0.0020  0.0000  0.0008  0.0024  0.0659  0.1761  0.0001 
 0.0011  0.0000  0.6370  0.1330  0.0001  0.2507  0.0356  0.0073  0.0016  0.0000 
 0.0136  6.7964  0.7136  0.0578  0.5307  0.0834  0.0001  0.0011  0.0053  0.0001 
 0.0000  0.0001  0.0025  0.6727  0.5925  0.0101 12.4283  0.0000  0.4413  0.0000 
 0.0025  3.2349  3.1032  0.0027  0.0000  0.3835  0.0336  0.5862  0.0000  0.0261 
 1.1947  0.0006  0.0000  0.6203  0.0000  0.0002  1.3886  0.0719  0.1659  0.9492 
