
Rates for sites

[replicate 1]
 0.0043  0.5795  0.0007  0.2032  0.0005  0.7830  0.1691  0.0000  0.0039  0.0000 
 0.0000  0.1020  1.2356  1.1428  0.0076  2.7760  0.1579  1.1434  0.0013  0.0007 
 0.0157  0.0189  0.0033  0.0191  0.0000  0.1259  0.0000  0.1280  0.7959  0.0001 
 2.2781  0.0009  3.7975  3.0347  8.7070  0.0000  0.0835  0.0025  0.1627  3.3939 
 0.0002  1.6420  0.0076  0.0063  0.0000  0.0000  0.0012  0.0001  0.8255  2.7278 
 0.1299  2.8423  0.0003 11.4381  0.2115  0.0010  0.0055  0.0000  0.1655  1.3491 
 2.2615  0.5175  0.6337  0.0110  0.0000  0.0326  0.0061  0.0008  0.0000  0.0085 
 0.0000  0.0184  0.0131  0.0000  0.0256  0.4513  0.1650  0.1074  0.0000  0.0121 
 0.3100  0.0235  2.5537  0.0000  0.0136  0.0000  0.5786  0.0000  2.3896  2.6595 
 0.0000  0.8429  0.2603  0.0559  0.0000  3.9478  0.0216  0.0001  6.9205  5.4233 
 1.2927 11.7860  2.2341  0.1057  5.1940  0.4271  0.0622  1.3819  0.0000  3.3476 
 7.4342  1.7723  0.2309  0.0000  0.0543  0.4670  1.2781  0.0613  0.0036  5.4859 
 0.0137  0.2057  0.0245  0.0027  0.1150 17.5671  2.3006  0.0021  2.3787  3.4795 
 0.0381  0.0004  0.0000  0.0006  0.0408  0.6229  0.6160  0.0024  0.0014  0.1640 
 0.0000  1.3037  0.0062  0.0002  0.1698  0.6041  0.0000  0.0000  0.0244  0.0000 
 0.0748  0.5211  0.0024  0.1240  1.1204  0.0000  0.0039  0.0347  0.1843  0.0026 
 0.0460  0.0000  0.0659  1.2135  2.0840  1.9963  0.0000  3.3646  1.6433  0.1649 
 0.0472  0.0018  0.3918  0.0007  0.0200  0.0022  0.0004  0.0039  0.0287  0.0000 
 1.8365  0.1473  0.0834  2.2332  0.0000  1.0016  0.1194  0.3361  0.0000  1.0988 
 0.0000  0.3281  1.0283  0.1814  0.0173  5.8226  0.0018  2.7936  0.0284  0.1809 
 0.0167  0.1430  0.2048  0.2241  0.0714  0.0000  0.0073  0.0617  1.9789  0.0195 
 0.0000  0.0200  0.0676  0.0000  0.0003  1.0825  0.0170  0.0038  1.0284  0.0000 
 0.0040  0.0000  2.7798  1.1230  0.0545  2.2240  0.0000  0.0000  0.0009  0.3806 
 0.3954  7.5492  0.0699  0.0729  0.0081  0.6860  0.0046  0.0000  0.0000  0.1130 
 4.2234  3.4429  0.0039  0.3924  0.0088  0.1241  0.0311  0.0000  0.0000  0.1298 
 0.0002  0.0170  0.0000  0.0020  0.0128  0.0133  0.0000  1.6772  0.0106  0.0053 
 0.0236  0.1180  0.3543  3.3208 10.4539  0.0000  0.0022  0.0761  0.1533  0.0000 
 0.0015  0.6452  0.5891  0.0007  1.4018  0.9094  0.0107  0.0106  0.0000  0.0000 
 0.0000  0.0000  0.0000  0.9319  0.5642  0.0233  0.1100  0.0034  3.4081  0.0034 
 0.0000  0.0005  0.1573  0.0021  1.0791 10.1865  0.0003  7.2780  0.0399  0.0118 
 0.0069  8.0831  0.0198  0.0636  0.6713  0.0001  0.0135  0.0000  0.0359  0.0007 
 0.0002  1.1155  0.0013  0.0003  3.3336  1.7001  0.0006  0.0000  0.0337  0.1728 
12.2192  0.8666  2.8766  0.0758  0.0648  3.1890  0.0005  0.0005  0.0289  0.0692 
 0.4658  0.0006  0.6398  9.0253  7.6820  0.0000  0.0017  0.0019  0.1985  2.4833 
 0.9057  3.2602  0.9678  0.0201  0.0000  0.0000  0.0590  0.3149  0.0001  0.0000 
 0.0010  0.3428  1.5512  3.5080  0.4384  0.0001  0.1127  0.0000  0.0000  0.0506 
 0.0578  4.1730  1.7970  0.0152  0.0015  0.0021  7.1092  0.0882  0.4049  0.0323 
 0.0026  0.0247  0.0071  2.3221  0.0000  0.0006  0.0005  0.1105  0.0759  0.0002 
 0.0102 15.3272  6.2937  0.0000  0.0511  1.0235  0.0000  1.9599  4.4537  1.3117 
 0.0000  0.0004  4.7826  0.0188  0.0000  0.2196  3.3363  0.2065  0.6566  0.0457 
 0.1445  0.0000  1.9368  0.8165  0.0057  0.0000  0.0527  0.1522 19.5334  0.1427 
 0.1107  0.0001  0.5737  0.0012  0.1187  0.0000  2.4470  0.0027  0.3945  0.1593 
 0.0006  0.0001  0.0000  0.0000  0.0000  0.0715  0.0000  0.5148  0.5718  0.0001 
 0.0003  0.0026  0.2751  0.5078  0.0001  0.0023  0.0000  0.0142  0.3092  0.0000 
 4.9079  0.0991  0.6727  0.6163  8.3193  0.0003  0.0201  0.0016  0.2920  0.7069 
 7.0837  0.1577  3.9960  0.0409  0.0063  0.1912  0.0001  0.7258  0.0099  0.0069 
 0.0000  0.0862  0.0000  0.6278  0.0000  0.0012  0.0000  0.0000  0.5846  4.0558 
 3.3743  0.0001  0.1076  0.0035  0.1890  1.6708  0.0000  0.0000  0.6848  1.7361 
 0.4287  2.7982  0.7776  1.1857  0.2022  0.0141  0.0022  0.0000  2.0334  0.0014 
 0.0003  0.2313 11.8587  0.0000  0.0000  0.0000  0.0023  0.0060  0.3533  0.0247 
 0.0634  0.0176  0.0213  0.3764  0.0101  0.0032  0.0000  0.6338  3.8652  0.0350 
 9.4462  0.2358  0.0001  0.0000  0.0000  0.0017  4.8278  0.3910  6.1110  1.7108 
 0.4345  0.0152  0.5735  0.0000  0.0355  0.0000  0.0000  0.0125  0.0009  0.5578 
20.9839  0.0000  0.0202  0.0001  0.0000  0.0069  0.2288 17.5926  0.2506  0.0000 
 0.0376  0.0055  1.4904  3.0990  1.5260  0.0030  0.0021  0.4512  0.0013  0.0004 
 0.3921  1.3467  7.9958  0.0018  5.5566  2.8973  0.0373  1.5526  0.3852  0.0000 
 1.7732  3.7448  0.0014  0.0001  0.0086  0.0079  0.0001  0.0000  0.0009  0.4711 
 0.1164  0.0000  0.0007  0.0000  0.1130  0.1050  0.0000  0.9996  1.8889  0.6054 
 0.0009  0.0168  0.1096  0.0134  0.0160  0.0234  3.7862  1.7452  0.0133  0.0000 
 0.2088  0.0000  0.0537  0.1846  0.0234  0.1588  1.3960  0.0000  1.3709  0.0133 
 0.0000  0.0011  0.0002  0.0002  0.0334  0.2554  1.0823  0.4702  1.1008  0.1237 
 0.0000  0.0007  3.5433  0.0299  0.0390  0.0000  0.1363  0.1475  0.0000  0.0002 
 0.0795  3.0124  0.1427  0.0348  9.6129  0.8652  0.6716  2.1744  0.2487  0.5489 
 0.0111  3.9912  0.0341  2.4494  0.0326  2.9818  1.0395  8.3560  0.0000  0.0000 
 0.0554  0.0004  0.9005  0.0000  0.1169  0.0038  0.6673  0.1759  0.0030  0.2091 
 0.0000  0.0402  0.0227  4.4415  1.6467  0.0000  0.0332  0.0000  0.0528  2.4058 
 0.0354  0.1107  0.3366  0.7794  0.0004  0.3802  2.1513  0.0000  0.0000  0.4279 
 1.6002  0.0000  0.0000  0.0000  0.0000  0.0000  0.0000  0.0000  0.0000  4.9294 
 0.0000  0.0064  2.6131  0.5268  0.0003 14.4538  0.4490  0.0000  0.5224  1.3128 
 0.0112  3.5681  0.0005  0.0000  0.6871  0.0001  0.0994  3.5531  0.0003  0.0050 
 0.0264  0.0586  0.6583  0.0000  0.0000  7.7926  0.0000  2.9796  0.0000  0.4521 
 0.0019  1.3628  0.0157  0.0561  6.4261  0.0000 11.6529  0.0000  0.6244  0.0202 
 0.3149  3.6390  0.2003  0.0000  0.0000  0.0063  0.0915  0.4034  2.7557  0.0049 
 0.0390  1.9766  0.0054  3.5966  0.0784  0.0166  0.0000  0.0000  1.4292  0.8681 
 0.9251  0.1939  0.0155  0.1792  0.0000  0.0000  8.7740  0.0000  2.4252  1.6888 
 0.0094  4.6787 10.4878  0.0594  0.0000  0.0120  0.0000  0.0570  1.4600  0.0238 
 0.6281  1.6478  0.0011  0.2373  0.0000  1.0395  0.0098  1.9184  0.3556  0.7579 
 0.0227  0.0000  1.2869  0.7674  1.2559  0.0024  6.0587  0.3843  0.0001  0.0053 
 0.0006  0.0001  1.1547  0.8736  0.2165  2.2114  2.3417  0.1211  0.0000  0.0499 
 3.1271  0.0110  0.0000  0.0000  0.0000  0.3637  2.1231  0.4114  0.0083  6.3883 
 0.0000  0.0956  1.0145  0.0088  9.8323  0.0061  5.9736  0.1523  0.0007  3.8623 
 0.0036  1.8241  0.2094  0.1891  0.0010  0.0026  0.0516  0.0000  0.3648  0.0008 
 0.0001  0.4497  0.0011  5.0828  0.4330  0.0044  0.0272  0.3975  1.4380  0.0000 
 0.0199  0.1409  0.0000  0.1554  0.0738  0.6289  0.0066  0.7204  0.0000  0.0038 
 0.0000  0.0001  3.1481  0.0006  0.1605  0.0572  0.0000  0.0107  0.0000  0.0000 
 0.1586  0.0257  0.0000  0.0000  0.0000  0.0476  7.8523  0.0001  0.0002  0.4969 
 0.0037  1.1762  0.0016  0.0004  0.0002  1.9764  0.0007  0.0071  0.3098  0.4621 
 0.0000  1.7584  0.0645  4.1860  0.0213  9.0553  3.8205  0.1531  0.0000  0.8216 
 0.0000  0.0015  0.1196  0.0481  9.7790  0.0767  0.0001  0.8615  0.3737  0.0000 
 1.9115  0.3896  9.6811  0.1280  1.2263  0.0239  0.0008  1.9112  0.0882  0.0000 
 0.1002  0.0507  0.0340  0.0000  0.2746  0.0059  0.3643  0.0000  3.4067  0.0293 
21.5067  0.0006  0.0003  1.6036  0.0706  0.0000  2.8523  0.0002  0.0000  0.2290 
 3.5011  3.7407  0.0499  0.1604  0.0037  4.9783  0.1443  0.2114  0.0001  2.0687 
 0.0296  0.0000  0.0135  1.1770  0.0001  0.0132  0.5908  0.0050  0.0907  0.0012 
 0.1183  0.5475  7.1464 14.7245  1.4731  0.0239  0.2952  6.3284  3.9190  5.8355 
 0.0188  0.0004  1.2499  0.5014 13.8892  0.0000  0.0074  0.9757  0.0012  1.5586 
 2.5534  0.0627  0.2018  0.0549  0.0000  0.0000  0.3282  4.8535  0.0003  0.8850 
 0.6629  1.3002  0.0089  0.2151  0.9755  1.0031  0.0000  0.5268  0.6224  2.0128 
 1.2127  5.4104  0.0024  0.1929  0.0000  1.4354  0.0000  0.0000  0.0000  3.1570 
 0.0001  2.0900  0.0000  0.0002  0.0002  0.0000  0.0024  0.0000  0.2910  0.2446 
 0.1062  0.0186  0.0000  0.8481  0.0000  1.5858  0.0000  0.0000  0.0231  0.0167 
 2.9000  0.0252  0.0000  0.7688  0.0809  0.0000  0.0000  1.5106  8.4742  0.0000 
 1.1508  5.7884  0.0000  0.1601  0.0074  0.0002  0.0000  0.0008  0.0015  1.3570 
 0.0000  0.4299  2.4832  1.5914  0.5137  1.3494  0.0004  3.8641  0.0016  0.0000 
 0.1720  0.8432  2.3612  3.2510  3.5472 16.5260  2.2666  2.9561  0.0316  0.0307 
 0.0001  0.0000  0.5576  0.0024  2.5173  0.0000  0.2662  0.1250  0.1814 12.2058 
 0.6319  0.0000  0.0027  0.1597  0.9148  0.0039 19.3067  0.4352  0.0718  0.0000 
 5.8625  3.7691  0.1124  0.0025  0.0003  0.1992  0.0953  0.0197  2.8572  0.0000 
 0.0028  1.6033  0.7073  0.0000  6.7554  0.0000  0.2006  1.2906  0.0000  0.0022 
 0.0000  2.6661  0.0000  0.0001  0.0560  0.0121 11.2221  0.6125  0.0003  0.2377 
 0.1426  0.0012  0.1157  0.7817  0.0009  0.0423  0.0372  7.0890  8.5805  2.8416 
 0.0385  0.0824  0.0003  0.4325  3.7571  0.0403  0.0475  0.1537  1.7359  2.3236 
 0.0000  0.0171  0.6375  0.0003  6.5065  0.1037  0.0211  0.0807  0.0205  0.6652 
 2.6737  0.0014  1.8689  7.3296  0.4498  9.4378  0.0000  0.6207  0.0000  0.0002 
 0.0000 11.3289  0.0016  4.8408  0.0000  0.0001  0.1831  0.0001  0.1781  0.0000 
 2.1457  0.0364  4.1504  0.0323  0.0127  0.3406  0.0779  0.0173  0.0153  1.4049 
 2.9878  0.0001  0.0000  1.0189  0.2839  0.0000  0.0000  0.5977  0.0041  0.0000 
 0.0057  0.0008  9.7008  7.1583  0.0048  0.0066  0.1483  0.0001  0.4227  0.0044 
 0.0000  0.0500  0.0021  0.0000  0.0000  0.4901  2.8092  0.0272  0.7330  0.0004 
 0.0745  0.0172  1.4561  0.0000  0.5065  1.0993  0.0006  0.0779  0.0020  0.1103 
 0.1301  0.2848  0.0000 13.9902  5.8144  0.1043  0.0791  0.0000  0.2020  1.5014 
 3.8179  0.7106  0.1530  0.3302  0.0108  0.4412  0.1021  0.0000  3.5553  0.4949 
 0.0000 10.6596  0.1140  0.0000  3.1749  0.0000  0.0000  0.0011  0.0000  0.0037 
 0.0011  0.0009  1.7028  0.1145  0.0030  0.0000  0.0598  0.0043  0.0213  0.0661 
 0.0000  5.1703  0.0012  0.0000  0.0066  0.0000  0.0001  0.0052  8.9347  0.0108 
 0.2953  0.0058  0.2532  1.6274  0.6116  0.0000  0.7453  0.7816  0.0086  0.0001 
 0.2662  5.5140  1.8885  0.1252  3.8343  2.1643  0.1062  0.6300  0.0079  0.8040 
 0.0000  0.0000  0.0003  3.5740  0.0141  0.0000  4.9668  0.0000  4.4267  2.2639 
 0.0429  0.4137  0.3268  0.0998  0.0142  2.4021  0.2188  0.0160  1.5753  0.0000 
 0.0000  0.0000  0.0000  0.0001  0.0927  0.0029  0.0000  7.0708  0.3758  0.4098 
12.3221  0.0372  3.1111  6.6430 15.9603  0.0000  0.1802  5.4235  0.0000  0.0035 
 0.0161  1.3978  0.0003  3.0678  0.0006  0.0000  0.0616  0.1761  0.1240  0.0003 
 0.0363  0.0077  2.2342  0.1084  0.0000  0.1349  0.0006  0.0000  0.0277  0.1915 
 0.1537  0.0067  0.0001  1.3744  0.0618  1.5250  2.6598  0.5388  0.1858  0.0067 
 0.2640  2.8678  0.1871  0.9063  9.6515  0.0072  0.0049  0.0000  1.0421  6.4747 
 2.2027  0.0060  0.0739  0.0000  0.0000  0.0258  0.9773  0.0105  0.0000  0.0622 
 5.3582  1.4264  0.0000  1.2128  0.7916  7.3254  0.0006  0.4648  0.0000  0.0000 
 0.0000  2.1315  0.7968  0.0004  3.6508  0.0272  2.3157  0.7007  0.0329  0.8225 
 0.0000  0.4583  0.0578  0.0402  0.0030  0.6739  0.0618  1.1615  0.0002  0.4144 
 0.0000  0.0000  0.0075  0.7624  0.0616  0.0648  2.9562  0.0047  5.7977  0.0000 
 0.1078  0.3139  0.0012  2.9798  0.0000  0.0047  0.0876  0.0000  3.9500  0.9077 
 0.2275  0.8444  0.8096  1.1830  0.0001  0.0091  2.2460  0.5664  0.0003  0.0689 
 1.9808  6.9799  0.3404  0.0000  0.0038  2.4851  0.0162  0.0000  0.0246  0.1879 
 0.7330  6.1534  0.6153  0.0057  0.1265  1.4012  1.9280  1.2857  0.4937  0.0000 
 0.1442  6.9983  3.6939  0.0007  0.0000  3.4009  0.0000  2.4103  0.0003  0.0585 
 0.0129  0.0170  0.0001  0.3600  0.0616  0.0764  0.0498  0.0516  0.0001  5.5185 
 0.0591  2.4979  0.0001  0.7605  0.6112  0.6250  0.0000  0.0006  0.0008  9.8331 
 0.0006  0.0000  0.1740  0.0949  0.0000  0.1423  0.0064 11.8128  0.0000  1.4091 
 0.0001  0.0042  3.8455  0.4465  4.4875  0.0020  0.0032  0.0030  0.1232  0.0000 
 0.0042  0.0001  0.6544  0.0000  0.4501  2.5683  0.0000  0.0377  2.2465  0.0000 
 0.2730  3.5667  1.6380  4.0342  1.2141  0.0047  1.1046  1.2675  6.0778  1.2238 
 2.9775  0.0549  0.4273  0.0000  4.1740  0.0004  0.0813  1.8999  0.1328  0.9855 
 0.0002  2.9800  0.2282  0.0313  5.8546  0.1655  0.0000  3.3508  0.0001  0.0000 
11.2484  0.6538  0.0045  0.0000 27.8798  0.0000  0.0100  0.0000  1.1477  4.0748 
 0.0054  0.0226  0.0726  2.2547  0.0042  0.0000  0.2634  0.0000  1.4226  0.9268 
