
Rates for sites

[replicate 1]
 0.1723  9.1077  0.4202  0.0469  0.8812  0.0000  0.1247  0.2817  0.0062  0.7280 
 0.0000 13.4937  6.8041  0.0031  0.0004  0.4447  0.0036  0.4582  0.4227  0.7469 
 0.8151  0.0191  4.2557  3.5386  0.0000  0.0000  0.0333 18.8331  0.0961  0.0031 
 0.0000  0.3147  0.5458  0.0305  0.0000  0.0000  4.0842  0.4744  0.0006  0.0013 
 0.0154  0.4275  0.0000  0.5266  8.3196  3.2274  0.0000  0.0260  3.7750  0.0000 
 0.0000  0.0027  0.0120  0.0009  4.6946  0.0000  5.4490  0.0174  0.2642  0.0007 
 5.4565  0.0000  0.0000  0.0046  3.5503  0.0071  0.0167  0.7581  0.2744  0.3843 
 0.0089  0.0000  3.3601  0.2358  7.7219  0.0182  0.0010  0.0001  3.5243  0.0000 
 0.0000  6.8862  1.8353  1.6831  0.0000  0.0000  0.2236  0.0009  0.0130  0.0068 
 0.0105  0.1102  0.0022  0.5638  0.5729  0.0964  1.3253  5.4090  0.0806  0.0000 
 0.8076  0.0212  0.0000  0.0010  0.0016  0.9160  1.4749  3.6718  0.7655  0.0037 
 0.0005  1.5671  0.4315  0.0424  0.3620  0.0118  6.9305  0.0000  0.0000  0.8511 
 0.0001  0.8022  0.0031  0.0000  0.0101  9.2526  0.0000  0.0293  0.0129  0.0000 
 0.0012  1.2444  0.2284  0.5549  0.0000  0.0726  5.3214  0.0000  8.5420  0.3036 
 1.2930  0.0089  4.9675  0.0005  0.6266  0.0000  0.0009  2.5268  0.7481 21.5790 
 0.0002  0.9898  0.3330  0.1441  0.0747  0.0011  0.9531  0.6319  0.0003  0.0005 
 0.1155  0.0030  0.0001  0.2609  0.0001  0.0001  0.4646  0.0033  0.6901  0.0165 
 2.1091  9.7009  0.5893  1.1346  0.0000  0.0000  0.9874  2.3860  0.7670  0.0066 
11.1751  1.2382  0.0000  0.0487  0.7147  0.0916  6.4485  7.4078  0.0017  0.0000 
 0.0001  0.1012  0.3509  0.0000  0.0936  0.0272  0.0000  0.1831  0.0552  0.0092 
 0.0361  0.0196  0.0156  1.5209  0.0001  0.0720  5.7295  0.2962  0.0098  2.6092 
 0.8398  1.0546  6.6295  0.2589  0.0157  0.3779  0.5508  0.0000  0.0023  0.0314 
 0.0020  0.0028  2.8034  0.8822  0.0000  0.0000  0.0043  4.3737  0.0369  0.3808 
 0.3124  0.0559  0.0628  0.0008  0.0173  0.4146  0.0000  0.0024  0.0004  4.8921 
 0.0281  0.0000  0.5354  0.1030  5.8561  0.0000  0.1259  0.0072  0.0001  0.0000 
 0.0003  0.0021  0.5146  0.0184  0.0000  0.1100  0.0000  0.1816  0.0100  0.0552 
 0.0011  0.4675  0.0000  0.0350  0.0010  0.7280  0.0001  3.0116  1.5617  0.0000 
 0.7364  0.3129  7.1373  0.0213  0.0026  0.1042  0.0870  0.0022  0.5407  1.9667 
 0.0000  0.0000  0.0005  1.7565  0.0000  0.5877  9.8318  5.2530  0.0000  0.0023 
 0.0000  0.0164  1.0987  0.4251  0.0058  0.7641  0.0014  0.0001  9.7250  0.0000 
 0.0001  0.0256  0.5659  3.3690  0.0134  0.8616  0.0204 12.5475  1.4868  0.0005 
 0.0313  6.5805  0.5345  6.3528  0.8547  0.0012  0.1001  1.1874  0.7455  0.0077 
 0.0014  0.0608  0.0984 14.7423  0.0028  2.0255  1.6993  0.0082  0.0372  0.0000 
 0.0443  5.2145  0.0019  0.8487  0.5603  0.0048  2.0666  2.0115  0.0352  0.0003 
 3.2204  0.0001  2.2059  0.0409  0.0001  0.3726  0.4160  0.3252  0.0011  8.0787 
 0.1441  0.0442  0.0000  0.0005  0.0000  0.0000  0.0143  0.0000  7.0761  0.0002 
 0.2296  0.0000  0.1043  0.0000  2.0417  0.0053  0.0007 24.2328  0.0006  0.0021 
 1.9614  3.7387  0.8989  3.3190  0.0014  0.1394  0.0362  4.7250  0.7035  0.0000 
 0.0061  0.0045 12.2837  0.0782  0.0035  0.0020  0.0001  0.0000  5.5340  3.1092 
 0.2822  0.0000  0.0001  0.4202  0.0015  0.0001  0.1823  0.0000  0.0034  2.8638 
 0.0000  0.0002  0.0001 11.8662  0.1009  0.0397  0.0002  1.8779  0.6813  0.1769 
 0.3970  0.1456  0.0655  0.3128  0.0003  0.0001  0.1574  0.4541  0.0603  0.0000 
 0.0000 14.5409  0.0051  0.0095  0.2100  0.0342  0.0241  1.2930  0.0000  2.7696 
 4.4841  0.0001  0.0730  0.0329  0.0007  0.0009  0.6730  0.0000  0.0229  0.0000 
 0.0162  1.2774  0.0009  0.4320  0.0006  0.0508  0.2156  0.0029  0.0017  0.0000 
 0.0000  6.8500  0.0102  0.5152  0.0057  0.8541  0.1468  0.0037  0.0000  2.1870 
 0.0001  0.0000  0.0011  0.0000  0.0000  0.4001  0.0039  0.0000  0.2831  0.0015 
 0.0000  0.4790  0.0000  0.1050  0.0004  0.1271  0.0833  0.0388  0.0685  0.3184 
 0.0001  0.3174  0.7041  0.3065  0.0000  0.0000  1.0057  1.1453  1.0241  0.0306 
 0.2379  0.1795  0.1587  3.5100  0.0304  0.0295  2.3062  0.0011  0.0115  0.0784 
 0.0012  0.0374  0.0020  0.4337  0.0118  3.5405  0.2275  1.0019  0.0502  0.2220 
 3.8183  0.4167  0.2147  0.0000  0.0110  0.0641  0.6288  0.0117  2.1760  0.9845 
 0.0191  0.0008  0.0000  0.0042  0.9313  0.0045  0.6320  0.5380  0.0001  0.0000 
 0.1416  0.2220  3.2812  1.3947  0.0005  0.0000  3.1929  0.0069  5.7184  0.0254 
 0.0295  0.0386  2.8645  1.4830  3.3973  0.0001  0.0238  0.0002  0.0004  0.0279 
 0.2023  1.4031  0.2023  0.0008  0.4590  7.9526  0.0000  0.0468  0.0016  0.0090 
11.6988  0.0062  0.0654  1.2668  1.5131  0.0421  0.1664  0.0476  0.4452  0.0154 
 0.0018  0.0110  0.0241  0.0051  0.0858  0.0057  0.0429  0.0227  0.1441  1.5542 
18.4192  0.1788  0.0754  0.0000  0.0007  0.0000  0.7616  7.5765  0.0020  0.0000 
 0.2682  3.6572 10.0767  1.5459  2.1308  0.7164  0.0012  0.0000  4.2812  0.0014 
 0.2891  0.0004  2.9890  0.0001  0.0257  0.0054  0.0074  8.1132  0.0000  0.0399 
 0.0002  0.0000  0.0000  0.3929  1.0433  0.0000  0.0001  2.9429  1.2474  1.2358 
 6.5896  0.0000  0.0008  7.1619  0.5869  0.0792  5.5908  0.0000  2.9718  0.0001 
 0.0013  0.0001  0.1027  1.9507  2.2928  0.0143  4.9613  0.0109  0.0000  0.0312 
 0.0000  0.0377  0.2435  0.0062  0.0000  4.2313  0.0000  4.2346  0.0541  0.0375 
 1.0368  6.8043  0.4661  1.0864  0.1613  0.0117  0.1944  0.1944  0.0034  0.0048 
 6.9357  0.7279  0.0038  0.0052  0.2418  0.0000  0.0000  0.0146  0.0319  0.0138 
 0.0000  0.0219  0.0000  0.0000  0.0601  0.0001  0.0000  0.4595 13.6104  0.0007 
 0.0162  0.0000  0.6636  0.0086  0.7450  0.0207  0.0088  0.0229  0.0000  1.0635 
 0.0005  0.0151  0.0001  0.0008  0.0012  0.2458  0.1356  0.0032  1.3305  0.2096 
 0.0001  0.0006  2.8698  0.3861  0.0222  2.3762  0.1107  0.0072  0.2711  0.0000 
 0.0008  0.0387  0.0017  1.2712  0.0004  0.0078  0.0031  7.5225  0.0580  0.0987 
 0.0000  0.0000  0.0101  0.0026  0.0000  0.2128  9.8471  2.1147  0.8470  0.0015 
 0.0000  1.6626  0.0000  0.0046  0.2726  1.8014  0.0021  0.0053  0.2438  0.0703 
 0.0000  0.0000  0.0129  0.0074 13.2294  0.0164  0.3367  0.0023  6.1324  0.0286 
 0.1127  0.0204  0.0027  0.2187  0.3061  0.0000  0.1238  0.0000  0.0002  0.0003 
 0.0314  0.0047  0.0018  0.0000  0.0057  3.0304  1.8382  0.6367  0.0079  0.0073 
 0.0002  0.0905  0.5040  0.0020  0.5719  0.0000  0.0008  0.3575  0.1579  1.5404 
 1.3583  0.2344  0.0300  0.0000  1.4186  6.8594  0.0000  1.1236  0.2420  2.6213 
 0.0000  0.0248  0.0069  0.0162  0.0108  5.9227  0.0723  0.0006  0.8804  4.2582 
 0.0000  0.0673  0.0965  0.0019  0.3324  0.0912  0.0037  0.0023  0.0907  0.0307 
 0.0619  0.3926  1.2164  0.0001  0.0001  0.0599  0.0067  0.2409  0.0057  0.0063 
 1.0976  0.3698  0.0000  0.6839  6.0214  0.0000  0.0009  0.0165  0.0000  0.0445 
 0.0000  0.1709  0.1750  1.8651  0.0050  0.1554  0.0000  0.1330  0.1045  0.0000 
 0.0000  0.0071  3.1106  0.0013  0.0000  0.0011  7.3494 12.6825  4.7341  3.4155 
 0.0000  0.0000  0.0001  1.0098  0.0003  0.0032  2.6421  0.0069  0.0000  0.0000 
 0.0000  3.3924  0.0094  0.0008  0.0718  0.0006  0.7418  0.0024  0.0001  0.0934 
 0.0000  0.5606  0.0001  0.3063  0.0454  0.0000  0.0000  0.0001  0.0000  0.0001 
 1.3333  0.0015  1.3084  0.0000  0.7148  0.0020  6.1880  0.0001  1.5960  0.0003 
 0.0000  1.2459  0.0092  0.0030  0.0452  0.0017  0.6000  1.2086  0.4122  0.2354 
 0.4097  1.2960 12.4609  5.5548  0.0001  0.0033  0.0216  0.1298  0.0011  0.0001 
 0.0358  0.0010  1.0690  0.0000  0.3654  0.0000  0.0649  0.0480  0.0204  0.5962 
 0.0145  0.1650  0.0005  1.2343  0.0003  0.0724  0.1099  1.6346  0.1240  0.2467 
 0.0199  0.1583  0.1260  0.0288  0.0000  8.3511  0.2278  0.0522  0.0012  0.2415 
 1.8061  1.8720  2.5910  5.1612  0.0095  0.6895  0.0000  4.7712  0.7708  0.0002 
 0.3601  0.0108  0.0247  7.8188  2.3559  0.1411  0.0945  0.0115  0.0227  5.6910 
 0.0000  0.3037  0.3916  0.0728  0.0000  0.0225  0.0029  0.0023  0.0001  0.7240 
 2.5275  0.3746  0.0813  0.4340  0.0653  0.0000  0.0158  0.5203  0.0000  0.0000 
 0.1344  0.1088  0.0000  0.0005  0.4301  0.0000  0.0000  0.0546  0.0000  0.0779 
 0.0094  1.1485  0.0000  1.3669  2.1488  0.0000  0.0006  0.0065  1.1055  5.5424 
 0.0000  1.7338  0.0088  0.0353  5.6069  0.0409  0.0000  0.0000  0.1574  6.7233 
 0.1650  0.2894  0.0000  0.0976  0.0000 28.6923  1.4402  0.0000  2.3268  0.0161 
 0.0028  0.0000  0.0050  5.4141  0.0000  0.0670  2.8832  0.0000  0.0004  0.2659 
17.3465  0.2622  0.6183  0.0473 35.6325  0.0000  0.1373  0.0000  1.7851  0.0870 
 1.2912  0.9798  0.0179  0.0446  0.0056  0.0000  0.0030  0.0285  0.0007  0.2863 
 0.0000  0.5487  0.0459  0.0015  0.0004  0.0006  0.0208  0.2615 12.3374  0.0338 
 0.0000  0.3071  0.1014  0.0000  0.0035  0.9823  0.1091  0.2956  0.2623  0.0003 
 0.0041  0.0000  0.0000  0.0000  0.0029  0.6540  2.9114  0.0001  0.0048  0.6285 
22.3398  0.0130  1.4482  0.0005  0.0003  0.0005  0.8369  1.0466  0.1801  0.0068 
 0.0000  0.0000  0.3057  0.0900  0.0436  0.0037  0.4613  0.0000  0.0000  0.0011 
 0.0116  0.0001  0.3111  0.1476  0.0001  0.0000  0.2188  2.4001  0.0004  0.0708 
 8.9302  0.2217  0.0000  0.5391  0.6288  1.7525  0.0227  0.0182  0.1265  0.0000 
 0.0000  0.0500  0.0018  2.1595  0.0000  0.9364  0.5354  0.0709  0.0000  0.0000 
14.2933  6.0548  0.0001  0.0000  1.9440  0.8522  0.2891  0.0284  0.0020  0.4492 
 0.0000  0.5386  0.6247  0.0626  0.3712  1.3563  0.0238  6.0790  0.0023  0.0000 
 0.0014  0.0490  0.0060  0.9645  0.3533  0.0480  2.7301  1.6177  0.6432  0.1620 
 0.0378  0.8948  0.3486  0.0751  0.7179  2.5538  0.0000  0.0013  0.0005  0.0010 
 3.7112  0.0000  0.0122  0.0414  0.2424  0.1641  1.3233  5.8454  0.0000  0.0000 
 0.0002  1.3370  1.4401  0.1312  0.0000  0.1195  0.3723  0.0000  0.0000  0.0000 
 1.4056  4.0744  0.1741  0.0105  0.0017  0.0001  0.0000  0.0037  0.1907  0.0117 
 0.0006  0.2945  0.0765  0.0159  0.0074  0.5560  0.1360  0.0029  1.8332  0.0000 
 0.0112  0.0000  0.0332  0.0859  0.0000  0.0482  0.0011  0.0018  1.0396  0.0002 
 0.0030  0.0000  0.0366  0.0941  0.0034  0.0074  0.0002  0.0250  0.5317  1.7445 
 0.0218  8.8055  0.1594  0.0173  0.2084  0.0029  0.0006  0.4153  3.2520  0.0014 
 0.0103  0.0216  2.7149  0.1025  4.1881  0.2193  2.3423  0.0000  0.2378  0.0370 
 0.0000  1.1724  0.0007  0.0016  0.0071  0.0000  3.4430  0.6698  0.0000  3.8801 
 0.0016  0.0343  0.0046  0.0040  0.0001  0.0027  5.5340  5.2401  0.0043  0.2253 
 0.0023  0.3295  2.2832  6.1320  0.1632  1.0512  0.0001  0.0000  0.0008  7.4363 
 0.0000  0.3300  0.0398  7.7918 11.9003  0.3139  0.0039  7.7681  0.0647  0.3738 
 0.0082  0.0000  0.0074  0.0480  0.1375  0.0000  0.0106 19.0274  0.0336 12.9700 
 0.0044  0.0037  0.0000  0.0005  0.5607  0.8505  0.0000  0.0002  0.9100  1.4016 
 0.7830  0.0270  0.4097  2.5788  0.1682  0.1506  0.0000  3.2962  0.0000  0.2894 
 2.8634  3.2995  1.7045  1.4165  0.0000  0.7265  3.8382  0.0000  1.6374  0.0000 
 0.0001  0.0000  0.5859  0.1683  0.0000  0.0408  0.0003  0.0000  0.4437  0.1414 
 1.1492  0.0476  0.0318  0.8500  1.2374  0.0000  2.6164  0.0004  0.0005  0.1917 
 0.7979  0.0006  2.1396  1.0845  0.1667  0.0072  0.0011  0.0160  0.4179  0.0029 
 0.0001  0.7803  0.5309  0.0339  5.3082  0.0260 12.8373  0.0007  1.2706  0.2883 
 1.7847  0.6669  0.0000  1.7827  0.3328  0.0052  0.6069  0.0003  5.1530  0.0366 
 0.4502  0.0000  0.0267  0.1075  0.0196  0.0815  0.0041  0.0085 12.8558  0.0046 
 3.5095  2.7012  0.0004  0.0053  0.0174  0.5279  0.0000  0.0670  0.0000  0.5769 
 0.0000  0.0000  0.2460  0.2554  0.0487  0.2042  0.9155  0.0000  0.0158  3.6718 
 0.2236  0.0014  0.3491  0.1381  0.1084  0.3757  0.6692  0.0091  0.6947  0.4422 
 0.6135  0.0000  0.0000  0.4469  0.0000  0.0109  0.0026  0.0423  0.0072  3.5929 
 0.0000  0.0058 17.4158  0.9761  0.1505  0.0000  0.0000  0.0227  0.2357  0.0131 
 0.4197  0.0003  0.1758  2.9979  0.0013  1.8020  0.4414  0.0263  0.2473  0.0139 
 0.0787  0.2732  5.2749  0.0000  0.0000  3.3967  6.5372  0.0000  0.0090  0.2269 
 0.0010  0.0759  0.0176 11.3961  5.7972  0.0591  0.0290  0.0000  0.0492  0.0000 
 0.5005  0.1146  0.0246  0.0499  0.0026  0.0000  0.1161  0.0002  5.6247  0.0167 
 2.4487  4.8562  0.0018  0.0023  0.0063  1.1810  0.0157  3.2633  0.0408  0.1545 
 0.0340  0.0000  0.9001  1.8141  0.2466  0.0089  0.0043  0.7099  5.6871  0.0920 
 1.2720  0.0000  0.0005  0.0002  0.1945  0.0000 13.0708  3.2217  0.0001  4.0689 
 0.0041  0.2829  3.5254  0.0390  0.0132  0.1199  5.0841  0.0000  0.2713  0.0002 
 7.4455  0.5640  3.3708  0.5695  0.0050  1.2438  0.0687  0.0000  0.0424  0.0007 
 0.0000  0.0001  0.0026  0.0014  0.1043  0.0150  0.0001  2.3697  0.0002  0.0000 
 0.0010  0.0000  0.0000 21.4295  1.8037  0.3600  1.9117  0.0598  3.5194  1.0615 
