
Rates for sites

[replicate 1]
 0.0010  0.0848  4.2493  0.0000 27.5972  0.0011  3.7577  0.6726  0.0020  0.0001 
 3.7672  2.5595  0.2168  2.4161  2.6148  0.0044  0.6926  0.0041  0.0000  1.9567 
 1.1419  0.2138  0.0100  0.0000  1.5961  0.3853  0.0137  1.2860  8.8783  2.1802 
 0.0000  0.0000  0.6455  0.4020  0.0007  0.0465  0.0000  0.7308  0.0001  0.0000 
 0.0372  0.6524  2.0093  0.0000  0.0090  0.0010  3.3501  4.6032  0.0000  1.0649 
 3.5197  0.0000  0.0077  0.4117  0.0015  0.0000  0.4795  0.0001  0.0008  0.0029 
 0.2597  0.5529  0.0015  0.0590  1.0672  9.2617  0.0000  0.0003  0.0008  0.0000 
 2.3360  0.0040  0.0077  0.0394  0.2839  0.0006  0.0001  0.0003  8.0549  0.0000 
 0.0000  0.0001  0.0030  0.0140  0.1035  0.0000  1.4493  1.0157  3.0237  0.0000 
 0.0000  0.0000  0.1289  0.0084  1.2857  0.1418  0.0049  1.1814  0.4771  0.0000 
 0.0042  0.0617  0.0000  0.0000  1.2207  0.0000  0.1205  3.3574  0.0006  0.0015 
14.2750  0.0027  0.8116  0.0035  0.0329  0.3368  0.0029  0.0004  0.0009  0.0244 
 0.2542  0.0002  0.0000  6.4159  0.0020  0.2067  0.0185  0.0307  0.0212  0.0000 
 0.0266  7.2069  0.0025  0.0000  0.0071  0.2032  0.6240  8.7298  0.1130  0.0804 
 6.7924  0.0036  0.6027  0.0000  2.0932  1.5357  0.0014  0.0287  0.2010  0.0000 
 0.0000  0.0001  0.0401  0.1332  0.0002  0.0000  0.1252  0.7262  0.0295  0.0000 
 0.0026  1.2703  0.0483  0.0000  0.0374  1.0315  0.0595 10.2308  0.0004  0.0004 
 0.7381  0.0664  0.4437  0.0141  0.0217  3.0048  0.0013  0.0000  4.2141  0.0994 
 0.0003  1.1755  1.2072  0.0171  0.0000  0.3094  0.8327  0.0000  0.0001  0.0001 
 0.0675  0.0000  0.0325  0.0000  0.0001 14.3666  0.0045  0.0000  0.6858  0.8791 
 0.0079  4.6548  0.0895  0.2696  1.0431  0.8868  0.0020  0.0035  4.5020  0.0783 
 0.2329  0.0000  0.0942  0.5229  0.0276  0.9286  9.9155  0.2855  0.0099  0.2270 
 0.1513  0.9069  0.2912  0.3411  0.0001  0.0299  0.4181  0.0280  0.0000  0.0066 
 0.0006  0.0000  0.0001  0.9461  0.2081  0.0001  0.0218  0.0002  0.0111  0.0082 
 0.1054  0.0005  0.0252  0.0003  0.0385  0.0000  0.0141  0.0432  0.0003  0.0108 
 0.0251  0.1796  0.0013  0.6959  0.0742  0.0000  0.0557  0.0658  0.0504  3.1499 
 0.0000  2.3428  8.9418  0.0026  0.3214  0.0019  0.4812  0.3294  2.9169  0.1930 
 0.2727  0.0005  0.0137  2.5773  0.0162  0.8065  3.7594  0.0004  0.1760  0.0943 
 0.0108  0.0005  0.6166  0.0013  0.0001  0.0643  0.5112  0.0330  0.0001  0.0000 
 0.0070  0.0081  0.0230  0.3776  0.0005  0.0705  3.7695  0.0252  0.6452  4.3497 
 1.7890  1.2631 16.4241  0.0023  1.3169 16.0319  0.0312  2.3516  0.1387  3.6270 
 0.5758  6.5694  0.0007  0.0337  0.0378  0.3041  0.0115  0.0000  0.0004  0.0917 
 0.0005  0.0000 14.3299  0.0201  1.7704  2.2221  0.0044  1.0645  1.9346  0.0212 
 0.2127  0.0000  4.9440  0.0000  0.0536  1.4914  0.0032  0.2353  0.0007  0.0000 
 0.5154  0.2416  0.1604  0.0000  0.0069  0.8579  0.0000  0.0000  0.7928  0.3638 
 0.0000  0.0001  0.0003  0.1028  0.0001  0.0045 11.5418  0.0000  0.0035  0.0002 
 0.0589  0.0000  0.0002  0.6100  0.0000  0.0001  9.6620  0.7834  0.0000  0.0163 
 0.0292  0.0008  0.5520  0.0000  0.0233  0.0033  0.0433  0.0012  0.0000  3.5855 
 0.1566  0.0000  0.0102  0.0000  0.0000  3.9869  0.4885  0.0001  0.3037  0.3310 
 0.0000  1.5450  0.0007  0.0000  4.7738  0.1372  2.2137  0.0913  0.0015  0.0000 
 3.4306  0.2008  0.3003  0.0000  1.0004  1.2545  0.0000  0.0184  2.2077  2.3242 
 0.0307 11.9152  1.0067  0.0000  1.2648  1.3573  0.0072  0.0016  0.2400  3.0026 
 0.0342  4.1304  6.1477  0.7618  0.0000  0.3799  0.0090  0.0000  0.0095  0.0049 
 0.0304  0.6208  0.0014  0.0001  2.3617  0.0121  4.9274  0.0000  0.0076  0.2848 
 2.2534  1.5372  4.0705  1.9278  0.0048  0.0852  0.0023  0.0001  0.0000  0.0300 
 0.4190  0.0001  0.4139  0.0026  0.6398  0.0001  0.0100  0.2865  0.2963  0.4887 
 0.0026  0.0072  0.0012  0.3140  2.4397  0.0380  3.7169  0.7220  6.1165  0.9280 
 0.0118  0.2831  0.3466  0.0222  0.0000  1.0229  0.0027  0.3000  3.5344  0.0136 
 0.0000  0.0000  0.0420  0.0051 10.3126  0.3261  1.4889  0.1219  0.0000  0.1064 
 0.1384  0.0000  6.2444  0.0830  0.0000  9.3503  0.0874  0.0622  0.0204  0.5500 
 1.3358  1.5599  0.0000  0.0010  0.0048  0.3018  0.0000  0.3828  0.0001  0.0553 
 0.1591  0.0586  0.1793  0.0007  0.0044  0.0186  0.5065  0.0446  0.0001  5.0013 
 0.0102  0.0006  0.0032  0.0000  3.8110  0.0415  0.0000  0.1087  0.5087  0.1319 
 1.8613  5.2099  0.4428  1.0557  0.0222  0.0000  0.0004  2.8445  0.0059  0.3334 
 4.6980  0.0190  0.2004  1.7520  0.0001  0.2615  0.2752  6.3773  1.6718  0.0001 
 0.0000  0.0981  0.0994  2.1606  0.0000  0.0013  0.4973  1.0553  0.0006  0.0100 
 0.1014  2.4012  2.9211  0.0000  0.2966  0.0000  0.0132  1.0591  5.4892  0.6408 
 0.0582  0.0000  0.0328  0.0502  0.0910  3.5486  4.0937  1.9642  0.6890  0.0000 
 0.0001  0.0871  0.0000  0.0776  2.2901  0.0063  0.0012  1.3289  0.0006  0.0072 
 0.1387  0.0542  0.0197  0.0328  0.3259  0.0004  0.0725  1.1128  0.0000  2.7203 
 0.0000  5.8412  0.0004  0.0135  0.0112  2.0273  0.7862  0.5832  0.0000  1.0681 
 0.0000  0.0002  1.1047  0.0000  0.0000  0.0036 11.1343  0.1339  0.0000  0.0212 
 0.0877  0.0004  0.0638  0.0485  0.0000  0.1961  0.0000  0.5367  1.5983  0.0316 
 0.0000  0.0063  0.0000  0.0000  0.2335  0.0000  0.0003  2.6291  0.0000  1.3104 
 0.0078  0.0003  0.0003  0.1755  0.0009  0.0810  1.3627  0.2384  0.0006  0.0400 
 0.0860  0.0000  0.1876  1.5512  0.0204  0.0670  0.0049  2.5133  0.0753  0.0000 
 0.0631  0.0010  0.4110  0.5495  0.3412  0.0001  0.0064  0.0017  4.8119  0.0004 
 0.6096  0.0597  0.0004  0.0107  0.4356  3.7350  0.0000  4.0573  0.0229  0.0022 
 2.6649  0.3731  0.8391  0.2662  0.0149  0.0874  0.0308  0.0000  0.0001  0.0000 
 0.0259  0.0125  0.3834  0.1982  0.7357  0.0300  0.0047  0.3086  2.8739  0.0443 
 6.3461  0.0600  0.0721  0.8137  0.6059  0.0167  0.0044  0.0000  0.1279  0.8314 
 0.2565  6.4227  0.0003  0.8621  0.0378  0.0000  0.0065  0.7994  0.0808  0.2069 
 0.0000  0.0905  0.0000  0.0188  0.0000  0.2654  0.8451  0.0000  0.0001  0.0000 
 0.1682  0.0050  0.4850  9.8876  0.4696  0.1509  0.0008  0.9208  0.2474  0.0017 
 0.1147  0.0403  1.3823  0.2190  0.3330  1.5183  0.7119  0.0008  0.0174 13.7389 
 0.0064  0.0000  0.0718  0.0085  0.2119  0.0067  0.0014  0.0609  0.0866  2.7314 
 0.4474  0.0032  3.7767  0.0507  0.0693  0.0009  0.0005  0.8232  0.0005  4.2037 
 0.0000  0.0002  8.0216  0.0000  0.0001  0.0000  0.3089  2.4124  2.8040  0.6767 
 1.3148  0.0637  2.9756  0.8859 20.0990  3.3442  0.5328  0.0000  2.1897  0.0009 
 0.0002  0.0000  0.0000  1.6667  0.0014  0.4485  0.2612  0.0004  0.2559  4.6929 
 0.0000 13.5793  0.0001  1.2415  0.0009  0.0427  0.0005  0.0066  5.8324  0.0080 
 0.0031  0.3230  0.0045  2.4318  0.0063  0.0653  0.0882  0.0000  0.0000  1.0016 
 0.0016  0.0025  0.3098  0.0301  1.7775  0.3241  0.0000  0.0006  0.0985  0.0567 
 0.3905  0.4333  0.0067  0.0923  1.3265  1.4914  0.0250  1.7185  0.0000  0.0000 
 0.0000  0.9686  0.1307  0.1029  7.8504  5.1286  2.6168  0.0386  0.0315  3.0440 
 0.4984 14.3712  0.0396  0.6190  1.0797  0.3286  0.1647  1.5103  0.3103  0.0072 
 0.2448  0.0000  0.2458  0.0721  5.0716  0.2303  0.1257  0.0345  0.0362  0.0000 
 0.0185  1.0317  0.0004  0.0117  0.0004  0.0325  0.0315  0.8938  0.1081  0.0000 
 1.2428  0.0004  0.0000 15.7028  0.0353 21.8940  0.0000  0.0024  0.0009  0.0042 
 0.3116  0.0013  0.0000  1.1163  6.1079  0.7962  3.7313  0.0001  0.1121  0.0006 
 0.0121  0.8641  0.8357  0.7498  0.6266  1.2222  0.8925 11.3338  4.7350  0.0000 
 0.4276  2.0185  1.0346  0.0833  0.0005  0.0618  0.3644  0.3774  0.0091  3.0902 
 0.0000  0.1382  0.8120 10.7972  0.0824  0.0000  0.0000  0.1911  0.0071  1.0381 
 0.1924  0.0000  0.0000  0.0001  0.0006  0.1041  0.2667  0.0070  0.0001  0.0328 
 0.6902  0.0036  0.0119  0.0003  2.3854  0.3425  0.0356  0.2032  0.0281  0.0036 
 0.0026  1.9226  0.0000  0.0038  0.0030  0.4931  0.0184  0.0872  0.0146  0.0243 
 0.0532  0.0053  0.1324  0.0000  0.0184  0.6181  0.0026  0.0000  0.2611  0.0887 
 0.0678  2.5986  0.3042  0.0035  0.8391  0.0018  0.3206 23.9357  2.3453  0.0005 
 3.6460  0.2713  0.0000  0.1132  0.0036  5.5196  0.1387  0.0543  0.2810  0.0025 
 0.0000  0.0465  0.0518  3.7790  9.3915  0.0026  0.3390  0.0000  0.0470  0.0024 
 0.0033  0.0000  1.2129  0.0001  2.4481  0.0995  0.2986  0.0409  0.1122  0.0183 
 0.1048  0.0000  0.0077 17.6075  0.0720  0.0560  0.1702  0.0000  0.0751  0.2977 
 0.0016  0.0623  8.9634  4.1915  0.0514  0.0000  0.0065  0.1638  3.4974  0.1599 
 0.0000  0.0019  0.0000  0.1868  0.0606  0.0156  0.0105  0.0000  6.0671  0.1636 
 0.3205  0.0000  0.0005  0.0085  0.2931  5.3230  0.0009  0.0232  0.0064  0.0121 
 0.0000  2.3587  0.0000  0.0000  0.0000  0.0000  0.0000 18.9481  0.0000  0.3563 
 0.0000  0.0004  0.0000  0.0750  0.0000  0.2066  0.4854  1.1934  0.0000  3.1492 
 0.4184  0.0000  5.9155  1.2550  0.0012  0.0290  0.0002  0.0335  0.0128  0.0006 
 7.2009  1.3151  0.5670  3.1919  0.9320  0.2635  0.0000  0.0001  1.2551  0.4133 
 0.4439  0.0050  0.2269  1.7799  0.6845  0.4275  0.0133  0.1367  0.7754  0.0566 
19.2123  0.3288  0.0133  8.2998  0.3597  0.8142  0.7250  0.2137  0.0000  0.0298 
 0.0027  5.6209  8.0136  0.0883  1.4935  1.6362  0.0000  2.1538  0.0833 12.9887 
 0.0148  0.0417  2.1459  5.2818  0.0433  0.6878 12.8439  0.0142 17.5106  4.0668 
 0.6583  0.0026  0.9184  0.0398  0.0600  0.0020  0.0000  0.0000  0.0221  0.0000 
 6.7196  0.0000  1.2093  0.0007  0.0000  0.1621  0.0000  0.2596  0.0963  0.0000 
 0.0034  0.0621  0.0026  0.0000  0.0000  0.0263  0.2639  0.0341  0.0189  0.0734 
 0.8965  0.0820  0.6377  0.0824  0.7163  0.0000  0.0187  0.0046  0.0030  0.2377 
 0.0011  0.0002  0.0777  0.0000  0.0054  0.0287  0.2285  0.0000  0.2668  1.5448 
 0.0030  0.0000  0.0000  1.7401  0.1267  0.0076  0.0000  0.0000  0.0002  0.0451 
 0.0240 10.3114  0.0027  1.4532  0.7099  0.1117  0.0000  0.2264  0.0406  0.0020 
 0.0467  0.2636  1.6177  0.0004  0.1735  0.0000  8.2585  0.0001  0.0026  0.2644 
 0.0851  0.6496  0.0007  4.9924  0.0000  0.7716  0.2743  0.5116  0.0000  1.6828 
21.5805  0.0000  0.0000  0.0000  1.2687  1.0784  0.8394  0.1282  0.0086  0.0440 
 0.0000  0.0082  0.0050  0.0256  0.0001  0.7457  0.2262  0.2033  0.7305  0.0024 
 0.3939  0.0769  0.0000  4.8255  0.4957  2.7691  0.0012  0.0001  0.3138 20.5017 
 0.4844  0.4762  0.0001  0.0000  0.0096  3.8286  0.9645 10.4663  0.0000  0.0577 
 8.0872  0.0006  0.0260  0.3973  0.0000  0.0467  5.2144  3.7471  0.3025  0.1286 
 3.5411  0.0000  0.0001  0.2053  0.3633  0.0005  0.0016  0.0000  0.0000  0.0002 
 0.1496  3.4299  0.0000  0.8952  0.4542  0.1442  0.0000  0.0000  0.3458  0.0000 
 0.0000  0.0003  4.0679  1.7033  0.0733  1.5866  0.0973  0.0002  2.6952 11.5535 
 0.0000  0.0032  0.1844  0.0138  0.0000  0.0019  0.0004  0.0001  0.0000  0.2111 
 0.0047  1.1467  0.4894  0.0294  0.0000  0.0032  0.0000  0.3065  0.0066  0.0667 
 0.0001  0.0000  0.0000  0.0000  0.0009 14.2022  0.0001  0.5486  0.0042  0.0005 
 0.0000  0.1975  0.2565  0.2229  1.4737  0.0126  3.6115  0.0004  0.2251  0.0305 
 5.2388  0.2117  1.7684  0.0282  0.0105  2.5051  0.1202  2.2682  0.0000  3.0592 
 0.0000  0.0001  0.7617  3.1782  0.0028  0.1347  0.2566  0.0008  0.1836  0.0003 
 0.1954  0.0035  0.1800  0.1966  1.1625  7.8801  3.8133  9.3277  0.5515  3.2904 
 1.0391  0.0009  0.0004  2.1257  0.4691  0.0001  0.0053  1.9557  1.4764  2.0990 
 2.3827  0.2583  0.0003  4.6240  0.0003  0.0000  1.7034  0.0002  0.1427  0.0057 
 3.1295  0.8593  0.6150  0.1028  0.0000  0.0269  0.0042  0.0018  1.7596  0.0000 
 0.9327  0.2566  0.0305  1.3245  5.0699  0.0305  0.0130  0.0014  9.5425  0.0191 
 0.0000  7.8027  0.0000  0.3181  0.4207  1.5179  0.0268  2.3038  0.6655  6.1829 
 0.0000  0.8325  0.5309  0.0001  0.0007  0.0101  0.2323  1.2798  0.0006  2.0218 
 0.0091  1.5429  0.0925  0.0007  0.2957  2.9312  5.7181  0.0030  0.0300  0.0000 
 0.0000  0.0055  0.0025  2.0478  0.9580  1.3187  2.2013  0.0002  0.0000  0.0000 
 0.0450  0.0374  0.0000  4.3962  2.1634  2.3245  9.8479  0.0002  0.0025  0.9172 
 0.0206  0.5282  0.0000  0.0000  0.0052  0.0141  5.2033  0.1789  0.0029  0.0058 
 0.0045  0.0584  0.0014  0.0009  0.0064  0.0000  0.5827  0.0008  3.2515  0.0002 
 4.1307  0.8983  3.8987  0.0007  0.0290  0.3267  0.0000  1.2775  0.0000  0.0000 
 0.5408  0.1760  0.0045  8.0310  6.7343  0.3547  0.0347  0.0000  0.6038  0.2755 
 0.0004  0.0000  0.0527  6.6571  0.0000  0.4499  0.0000  0.1674  0.0000  3.8582 
 0.0000  0.0036  0.2904  1.8313  0.1609  4.8941  0.0009  0.4642  3.6431  0.0115 
 0.0173  1.5264  0.0393  0.0000  3.0141  0.1536  0.0035  0.7766  3.4126  0.0678 
 0.2272  0.0857  0.0010  0.0000  3.0546  0.0000  0.0004  0.0904 14.6715  0.0003 
 0.0001  0.0000  0.0005  0.0049  0.0000  0.0014  0.0001  0.0001  3.3664  0.0000 
