
Rates for sites

[replicate 1]
 0.1860  0.5530  0.4575  0.0017  1.2748  0.0000  0.0066  0.0000  0.9309  0.0080 
 0.4014  0.2975  0.0001  0.0030  0.0000  0.0051  0.0000  0.0000  2.0621  1.7710 
 5.2828  0.6246  0.0004  0.0403  0.0000  0.1781  8.1379  0.1477  0.3450  0.0000 
 0.0057  0.0213  0.0000  0.0034  0.0000  0.0001  0.0002  0.0928  0.0100  0.0342 
 0.0000  0.0001  0.1658 20.3956  0.1027  1.9048  0.9772  0.0010  0.0001  9.8841 
 0.1935  0.0313  0.0000  0.1067  0.0039  0.0011  0.0010 17.1690  0.2882  0.0149 
 0.0030  1.1243  0.0007  0.6887  2.4447  0.0670  0.0000  0.0160  1.6869  0.0000 
 0.0000  0.1000  0.0006  0.1403  0.0821  0.0000  0.0164  0.0014  0.1080  5.0953 
 0.3494  1.3079  0.0001  0.0128  0.0000  0.0424  0.0005  8.1974  0.0649  0.2733 
 0.0000  0.0392  0.0000  0.0000  0.1410  0.0453  3.1761  0.0018  0.0004  0.0278 
 3.0838  0.0361  0.1658  0.1929  0.0000  1.4619  0.0186  0.0291  0.0682  0.1993 
 0.0000  0.4317  0.0000  2.8954  2.6827  2.9604  3.4650  0.0000  0.0612  2.2097 
 0.0018  0.0064  0.0000  2.8629  0.0568  0.0023  0.0036  0.0725  0.2940  0.0110 
 0.0002  8.4962  0.0321  0.0000  1.8440  0.0000  0.0984  0.6624  2.4058  1.3256 
 1.3303  0.0539  0.0000  0.0016  0.0057  0.0001  0.0000  0.0005  0.2598  1.7907 
 3.7837  4.6629  0.0000  0.0047  0.0000  0.0050  0.0003  0.3448  0.0189  0.0471 
 0.0078  0.0399  0.0001  0.0115  0.0934  0.3900  0.0003  0.3673  0.0113  0.0043 
 1.8021  0.7751  0.1240  0.1656  0.1461  0.5088  0.0000  0.0000  0.0098  0.0367 
 0.0708  0.3561  0.0011 25.0022  0.0001  0.8471  0.0000  0.3710  0.3961  0.0000 
 0.1467  1.4705  0.0025  0.0018  3.2908  0.0000  0.0003  2.9683  0.7161  0.0905 
 2.9629  0.0001  0.0800  0.0013  0.0000  0.0000  0.3773  3.5307  0.0003  1.8667 
 3.2158  0.0109  0.0038  1.1398  4.1440  0.0493  0.1212  0.0000  0.1073  0.0000 
 0.0701  0.1045  0.0941  0.0111  0.9028  0.0001  0.3114  0.6785  0.0075  0.0000 
 0.0472  0.0006  0.0284  0.0125  0.0097  1.0511  0.2332  0.3980  0.0001  0.0329 
 0.1560  0.4339  0.1181  0.0356  0.8635  0.0016  0.0158  0.0155  0.0000  0.0414 
 0.0000  7.6414  0.5710  1.1247  3.6007  0.2062  0.0059  0.3842  0.1232  1.4861 
 0.0365  3.1589  0.0027  0.6475  0.0020  0.0003  0.0022  0.1765  0.0107  0.0038 
 0.0000  5.7579  0.0283  4.8839  0.0000  0.0053  0.0000  0.0000  0.0006  0.0063 
 0.1374  0.0023  0.0623  0.3540  0.1845  0.0864  0.0000  2.6541  6.2762  0.0000 
 0.0008  0.0000  0.0000  5.9431  0.0060  0.9840  0.0037  0.3464  0.0035  0.7971 
 0.0312  0.0000  0.0765  0.2573  0.0002  0.0039 12.8726  0.0003  2.7866  0.0000 
 0.0000  0.3336 12.7469  0.0418  0.0237  0.0003  0.0006  2.5453  0.0049  0.0076 
 0.0092  0.0002  0.0308  2.6942  0.0000  0.0414  3.3405  0.1888  0.1727  0.0430 
 0.0002  0.3312  0.1271  0.0003  0.0062  7.1146  0.0403  0.1656  0.4360  0.2553 
 0.0000  0.0049  0.0000  0.0516  1.6710  0.4304  0.0363  2.1148  0.0042  0.0000 
 0.5530  0.0290  4.2216  0.0020  8.1408  0.0006  0.0000 16.5333  0.0877  1.0129 
 0.0015  1.1980  0.0000  0.1475  6.1728  0.0000  0.0000  0.3205  2.8532  1.4662 
 0.1967  8.1290  0.0115  1.0106  0.0519  1.0607  2.0251  0.0000  0.0322  1.3659 
 0.2963  1.6867  0.0042  6.4125  0.0054  0.0001  4.5007  0.0001  0.1204  0.1691 
 0.0000  0.2024  0.2736  0.0001  0.0279  0.2114  7.2302  0.5320  1.7054  0.0527 
 0.2976  2.5250  0.0000  0.0002  0.0858  0.5492  0.0006  0.3837  0.0008  0.0000 
 0.2595  0.0029  0.0318  0.3453  0.2001  6.2483  0.0375  1.3686  0.0021  0.0135 
 9.6737 10.7158  0.0000  0.0018  0.0001  0.0017  0.6989  0.0035  1.5893  0.0513 
 0.0116  0.1837  0.0000  0.0000  0.0063  0.0000  0.0036  0.2448  0.0907  0.1719 
 0.0004  0.0326  0.2589  3.8232  4.0288  0.0106  0.0025  0.2320  0.0063  0.0256 
 0.0004  0.0000  1.5375  0.0000  2.4808  0.0011  0.9744  0.0002  0.0426  0.0066 
 0.0000  0.0018  2.2069  0.3911  0.0003  0.0016  0.0006  1.8295  0.0024  0.0334 
 0.0000  3.6269  0.3477  0.0000  4.3388  0.2866  0.4939  0.4872  0.0007  0.0005 
 0.3000  0.0192  0.9502  0.0281  0.0011  1.8283  0.3995  0.0000  7.7920  0.0000 
 0.5623  1.2828  0.6470  0.0000  0.0270  0.0207  0.0018  0.0000  0.0026  1.4144 
 0.1041  0.0003  2.3647  4.6155  0.0072  0.3736  0.0001  3.6309  1.0871  8.4266 
 0.5393  0.8750  0.0114  2.3217  0.4643  0.0020  0.0000  0.2229  0.7038  0.0296 
 1.2317  0.0515  0.0025  0.0000  5.9748  0.0730  8.4414  0.5536  0.0005  0.6152 
 2.1583  0.1446  0.1475 12.8176  0.0977  0.7285  0.0006  0.0392  0.9878  0.0014 
 1.8054  0.0515  0.0050  0.0032  0.2692  0.0008  0.0057  0.0259  0.1247  2.3126 
 0.5039  0.0000  1.0704  0.0112  0.0776  1.6022  9.4076  0.0922  0.3165  0.0000 
 0.0058  0.0488  0.0555  0.0000  0.0119  3.4433  0.2594  0.0167  1.9878  0.0788 
23.9222  3.7153  0.0000  0.2153  0.6395  0.8138  0.6970  0.0994  0.0000  0.0016 
 0.1337  0.0748  0.5622  0.0001  0.0010  0.0037  0.0118  0.0011  0.0000  0.0002 
 0.0000  0.0004  0.0000 13.3018  0.0031  0.0010  0.1139  0.0004  0.8400  0.0059 
 0.0021  0.1288  0.4188  0.2331  0.0000  6.3199  0.6273  0.0365  0.7138  0.5637 
 0.0282  0.3671  0.0070  0.0029  2.8420  0.0000  0.0203  0.6928  1.1781  0.0000 
 1.6126  0.0349  0.0000  0.0828  0.6901  0.0572  0.0000  2.3193  5.4152  0.0005 
 0.0059  0.0001  0.1326  0.0635  0.4965  0.2906  1.4481  0.0609  2.0694  0.0077 
 0.0662  0.0100  0.0434  0.0917  0.6748  0.0005  0.0022  0.0000  0.1132  0.0001 
 0.0000  0.0000  0.0121  0.0032  0.0019  0.0000  0.0045  0.0001  0.0211  0.6021 
 0.3914  0.0032  0.0000  0.0012  0.0318  0.0000  0.0444  2.0896  0.1397  0.1254 
 0.0263  0.0106  0.0011  0.6023  0.0299  1.2148  0.0000  0.4141  0.4779  0.2870 
 0.0771  0.0022  0.0081  0.0349 11.0648  0.0756  0.3780  0.0000  0.0000  1.6276 
 0.0013  0.0156  0.0000  3.5976  0.0068  0.0000  0.0051 11.0991  2.7269  0.0019 
 5.5170  0.1055  0.0015  0.0032  0.0000  0.8741  0.1782  7.9131  0.1970  0.0010 
 0.0252  0.0000  0.0111  0.0022  0.0001  0.5462  0.0000  0.7728  0.0031  0.0000 
 0.1246  0.0017  0.2919  0.0098  0.5175  0.0774  0.1078  0.0000  0.0011  0.2214 
 0.0510  0.3262  0.0593  1.9804  0.0682  0.0012  0.3149  4.1833 10.7890  0.0041 
 0.0000  0.0005  0.0065  0.0001  0.0000  0.5045 18.4222  1.0514  0.2622  1.9096 
 0.1617  0.0001  3.2706  0.0003  0.0464  0.0000  0.2160  0.2491  0.0000  0.0296 
 4.0716  0.0913  0.0619  0.1865  0.0000  0.0022  0.5055  0.0117  3.3262  1.2497 
 4.3542  0.0000  0.0048  0.0007  0.0006  0.3854  0.8562  0.0010  0.0109  0.0000 
 0.1507  0.0007 12.3180  0.0202  0.0000  2.7316  0.0510  0.0024  4.5383  2.6448 
 0.7878  1.8164  0.0000  0.2063  0.2828  0.0000  0.0000  0.1564  0.2981  0.0000 
 9.2637  0.0054  0.0342  0.0003  0.0110  0.0031  2.1090  0.2319  0.2925  0.2094 
 0.0972  0.1494  7.1516  0.0089  0.0050  0.0595  0.0574  0.7033  2.1052  0.0003 
 4.3181  1.2241  0.4159  0.3822  0.0028  0.0133  0.0000  0.3417  0.0109  0.0004 
 0.0233  3.2561  0.0110  0.0365  1.2551  0.0663  0.0000  0.0000  0.8368  0.0000 
 0.3125  0.0211  0.0000  0.1101  0.1804  0.0640  1.2207  4.0265  0.0000  0.2971 
 0.2803  0.0000  0.0000  0.4038  1.7380  0.0017  7.2602  0.2378  1.8791  0.0230 
 1.2103  0.1362  0.0000  0.4913  3.7156  0.1959  0.0000  0.0698  0.0000  0.0006 
 0.0000  0.0128  0.0050  0.0026  0.0002  0.0731  1.6124  0.4183  0.0125  0.0440 
 0.0000  0.0000  0.0000  0.0532  0.5327  0.3734  0.0135  0.0008  0.0006  1.0650 
 0.0031  0.0610  0.0037  0.2475  0.5574  6.6476  0.1056  0.3679  0.0024  0.0010 
 0.0000  6.7244  3.7129  1.5424  0.0057  0.9076  0.0098  0.0043  7.3948  0.0001 
 1.0665  0.0000  0.0034  0.0002  2.3096  0.0006  0.0011  0.0015  0.0000  0.0000 
 0.0018  3.3134  0.6385  1.1825  0.7631  4.9379  0.0000  0.0000  0.0000  0.3844 
 0.0016  0.0813  0.4697  5.9452  0.0047  0.0940  0.1657  0.0000  0.0153  0.0000 
 0.0000  0.2845  0.0000  0.8785  0.0182  0.6209  0.2018  0.0461  0.1227  0.0296 
 0.4510  0.0000  1.5150  1.2960  1.5455  0.0054  0.2143  0.3333  1.3059  0.0003 
 5.8991  3.0350  0.4363  0.7701  0.0000  1.1865 12.9891  0.0005  0.4270  0.0542 
 0.0001  0.0000  0.0070  0.0050  0.0469  3.6457  0.0001  9.0451  0.0000  0.0064 
 0.0006  0.0000  0.0000  0.7958  0.1203  3.2476  0.2270  0.9139  0.4290  0.0510 
 0.0000  5.4016  0.1740  0.0907  0.0023  2.5552  0.0588  3.7881  0.5502  0.5869 
 0.0001  0.0383  0.0203  3.2353  0.0557  0.0018  0.0003  0.0089  0.0533  0.0000 
 0.4641  2.2098  0.0111  0.9962  1.5233  1.3940  0.0515  4.0714  1.7654  0.7144 
 0.0000  0.0770  0.0000  0.0111  0.0536  0.2030  0.0004  0.0044  0.4346  0.0905 
 0.0045  0.1534  1.8248  7.0967  0.0005  0.0010  0.0391  0.0000  0.1745  0.0018 
 0.0000  0.9068  0.0682  0.0001  0.0000  0.0677  0.2121  4.0880  0.0000  0.0001 
 5.1982  0.0003  0.3541  0.0000  0.0860  4.0121 12.1595  3.7395  0.4705  0.5305 
 5.8622  0.0066  0.0061  0.0035  0.0019  0.0000  0.0000  4.1485  6.3731  0.1510 
 0.4095  0.0010  0.0106  0.0007  0.0014  0.0712  0.0068  0.0000  0.0000  1.2235 
 0.0000  0.2794  3.0572  0.0150  0.0008  0.0477  4.1201  0.0681  0.0000  0.0093 
 0.0000  0.0008  0.4403  0.0000  0.0000  0.0009  0.0000  0.0006  1.4080  0.0256 
 0.0788  1.2481  0.4372  0.0000  0.1817  0.1228  0.0619  0.0000  5.6549  0.0455 
 0.0127  0.0000  0.4429  0.6789  0.0010  0.0007  0.1839  0.0009  0.0222  0.0027 
 0.0000  0.1860  1.5509  0.4287  0.0000  1.0543  1.3189  0.0332  0.0485  0.0000 
 2.0275  0.0003  3.1202  0.0001  0.4842  0.0522  0.0001  0.0019  0.0606  0.0033 
 0.5443  0.0000  0.0007  0.0011  1.2459  0.0000  0.0399  0.0632  0.0000  0.0000 
 0.0155  0.0001  0.0000  2.9442  0.0002  0.0013  0.0000  5.0516  0.0000  0.0382 
 0.0266  0.0424  0.1030  0.0016  0.0026  0.0128  0.0013  0.0019  0.0000  0.0001 
 0.0057  5.4023  0.0001 11.3640  0.0067  0.0099  0.0070  0.0147  0.0000  0.0000 
 6.1199  5.1720  0.0012 10.1509 13.2619  0.1515  0.2108  2.6928  0.3180  0.0000 
 2.4008  0.0000  0.0037  2.2101  0.0116  0.0099  0.0257  0.0003  0.0013  0.2213 
 0.4089  3.2914  0.0000  0.0882  0.0383  0.5969  0.1072  0.0198  0.0185  0.0000 
 9.3749  2.0040  0.0089  0.2118  0.0008  4.1683  0.0000  0.0000  0.0038  0.0010 
 0.0000  0.0040  4.3416  0.0003  0.0000  0.0195  0.0023  0.5748  0.0244  0.0051 
 0.0000  0.3439  2.8410  0.0436  0.0001  0.0000  0.4194  0.2943  0.0044  0.0000 
 0.0000  0.0037  0.0000  0.0001  2.6994  0.0466  0.0046  0.0013  0.0003  8.3724 
 0.7740  0.2938  0.2989  0.0051  1.5239  0.2870  0.5446  9.2276  3.1848  0.0085 
 5.2128 13.1809  0.3221  0.0000  0.0000  0.0000  0.0002  5.8818  0.0000  1.0481 
 9.8615  0.1086  0.0011  6.6856  0.0402  0.0000  0.0000  0.0031  1.0897  3.2964 
 0.4577  6.2536  0.1025  0.0483  0.1087  5.3967  0.0000  0.0005  9.0527  0.0000 
 0.2523  1.2752  0.0483  0.2325  0.0000  0.0358  0.0006  0.0000  1.4090  0.0087 
 0.0132  0.8065  0.1108  0.2362  0.0698  0.2615  0.0083  0.0288  2.7273  0.1419 
 0.0000  9.2549  2.0952  0.3980  0.0001  3.1446  0.5633  1.8266  5.9514  0.3908 
 0.0000  4.6671  0.0000  0.0102  0.0001  0.0010  0.0067  0.0002  0.0000  0.6276 
 0.1422  5.4995  0.4316  9.0720  0.0000  3.8813  0.0307  0.0073  7.3537  0.0405 
 0.0002  1.2418  0.0572  0.3679  1.2717  0.2143  0.1843  0.0429  0.0063  0.4314 
 0.0002  0.0653  0.0000  0.1029  0.0022  0.1976  1.7052  1.4586  0.6046  0.1670 
 0.0000  0.1640  0.0000  0.0000  0.0001  0.0001  0.0305  3.4953  1.6793  0.6838 
 0.0000  0.4924  0.4441  0.0009  0.0000  0.0001  0.0000  0.6927  1.1716  0.3044 
 1.4054  3.1998  0.0000  0.0035  0.0146  0.0193  1.7038  1.0141  0.0000  0.7056 
 0.0008  1.2030  0.5128  0.0007  0.0010  0.0008  0.8609  0.0000  0.0000  0.4947 
 0.0054  0.0000  0.0007  0.0024  0.0000  0.0065  1.2512  0.0006  0.0029  4.4428 
 0.0301  0.0707  5.4498  0.0308  0.0060  0.0000  0.0000  0.0002  2.8111  0.0003 
 0.4188  2.0778  1.9946  2.1942  0.0000  0.0000  0.0001  2.9102  0.6873  0.0000 
 0.8236  0.0611  0.5318  0.0027  0.0002  1.0662  0.0000  0.4711  0.0000  0.1355 
 1.1662  0.6228  0.0789  0.0220  0.6332  0.0217  2.2894  0.0000  0.0492  0.0141 
 0.0313  0.3484  2.9454  0.0003  0.2692  0.0000  0.0835  0.2801  0.0000  0.1900 
 0.0008  1.4763  0.0288  0.0073  1.9774  0.0001  2.2086  0.0128  0.0001  0.0140 
 0.0957  1.9529  0.0002  0.0004  0.0005  0.0349  0.0123  5.6480  0.0000  0.0018 
 0.0926  0.0027  0.0211  0.0404  2.7018  0.0000  0.5342  1.0294  4.4664  0.0000 
 0.8674  0.0492  0.0076  2.4045  0.0000  0.0000  0.0820  0.3418  0.0000  0.0079 
 0.4446  0.2921  0.4780  0.0944  0.6580  9.7898  0.0009  0.0016  0.0013  0.0076 
 0.0256  0.3272  0.0021  0.9274  2.2921  0.4544  0.0162  0.0011  0.1741  0.0334 
 0.9344  6.2255  1.0973  0.0058  0.0000  1.1082  1.3702  0.0040  0.0000  0.0022 
 0.0000  0.0000  0.0059  0.0001  0.0540  4.3100  2.2377  0.0000  0.0774  0.2649 
 0.7636  0.0911  0.0000  0.0047  0.0344  0.0052  0.0942  0.0101  0.5105  0.0001 
