
Rates for sites

[replicate 1]
 2.3798  0.0171  7.4073  0.1291  0.2223  0.0070  0.0000  3.4105  0.0000  0.0017 
 0.8199  0.4072  0.0219  0.0034  0.0043  0.0000 32.1477  0.0014  0.6961  5.3535 
 0.0437  5.1260  0.1043  0.0000  0.2939  0.4696  1.5433  0.0072  0.1781  0.0678 
 4.0608  0.3213  0.0004  0.0000  4.3062  0.0484  0.0001  4.6423  0.0009  0.0717 
 0.0054  0.0000  0.0007  0.0058  0.0307  0.0018  0.0000  4.1309  0.0000  0.5941 
 1.6001  3.8770  0.0000  0.0000  1.0878  0.0049  0.0011  0.0018  0.0069  0.4463 
 0.0386  0.0782  0.0045  0.5455  0.0058  0.0606  0.0000  0.0000  0.0793  0.4362 
 1.1160  0.0439  0.0550  0.0116  0.0000  0.9217  0.0004  0.0130  0.0048  0.0222 
 0.0199  0.0000  0.0327  0.0454  0.0013  0.0001  1.6034  0.1615  0.0031  0.0000 
 1.0609  0.4095  0.0362  0.0346  0.2257  0.5033  0.0001  0.1340  0.0002  0.4168 
 0.0001  2.6201  0.0034  0.0035  0.0029  0.0092  0.0687  0.5625  0.0046  0.0328 
 0.0017  0.0172  0.0001  0.3823  0.0004  0.4096  0.0491  0.0278  0.4035  0.0023 
 2.7432  0.0018  0.0077  5.8229  0.0018  1.9672  0.0038  0.0000  2.3351  0.0000 
 0.0800  1.7807  0.1036  0.0058  0.0050  0.0070  0.0000  0.0000  0.1021  0.0114 
 1.3141  9.7193  0.0029  0.0720  0.3309  0.0079  0.0000  0.0000  0.0001  0.8234 
 4.6077  0.6851  0.0065  0.0530  0.0024  1.6276  1.6432  0.2592  2.7790  0.0003 
 1.4271  0.0000  0.0817  0.0471  0.0000  0.0407  0.0165  0.0003  3.1156  0.9113 
 0.3310  0.0003  2.4386  2.9115  1.4571  0.0000  0.0000  0.0000  0.0093  3.0416 
 0.1595  0.6266  0.0682  4.4401  0.0011  0.0003  0.0076  0.1503  0.8915  2.1186 
 4.1822  0.3819  0.3275  0.0396  1.1308  0.0292  1.6938  0.0000  0.1639  0.4072 
 0.0005  0.0015  0.0029  0.0000  2.3304  0.6822  0.0126  1.2723  0.0153  1.4629 
 0.3067  0.0829  0.0000  2.0274  1.0699  0.0014  0.0001  0.6878  0.1086  0.0621 
 0.0082  0.0289  0.0045  0.2557  0.0016  0.0006  0.0000  0.9264  0.1539  6.7359 
 0.0018  0.0117  0.0770  0.0394  0.2294  0.0944  0.0429  0.0004  0.0577  0.2120 
 0.0000  0.0000  0.0284  0.1824  0.0001  0.0002  0.0000  0.0000  0.0006  1.5767 
 0.0000  2.7761  0.0250  0.0000  0.0000  0.0058  0.0225  1.0233  0.0001  0.2650 
 0.0000  0.3903  0.2647  5.0111  0.2325  0.4817  0.0316 27.8262  0.2602  0.1612 
 0.0025  8.7387  1.1730  0.0000  1.6683  0.0004  0.0000  0.0046  0.0373  0.0003 
 7.3215  0.0038  0.0000  0.0058  0.0864  0.0006  0.1709  0.0026  0.0142  0.0050 
 0.0000  0.7630  0.0001  0.8680  0.0005  3.5920  0.0007  1.1874  0.5261  0.0286 
 0.4862  0.0000  1.0147  0.0000  0.0000  0.0001  0.0000  0.2883  0.0040  0.0000 
 2.9298  0.0000  0.0384  2.0774  0.2551  0.2262  0.0000  2.9212  2.8060  1.3731 
 0.0088  0.0249  0.0000  1.5529  0.0000  0.1019  0.0000  0.4444  0.0002  0.1231 
 0.0000  0.4789  0.0002  0.0257  0.0000  0.0000  0.0123  0.0204  1.6136  1.4238 
 0.0039  1.0990  0.0001  0.0159  0.0252  0.0000  0.0011  0.2938  0.0021  4.2229 
 0.0000  0.0076  0.0000  2.2794  0.0117  0.0997  0.0012  2.9109 19.8574  0.0072 
 0.0000  0.5273  0.0000  0.0594  0.0003  0.6357  4.8323  1.4900  0.0000  0.0850 
 0.0394  0.0000  0.0000  7.6326  0.7828  0.0000  2.4809  0.2143  0.1850  0.8428 
 0.0000  4.5889  0.1184  0.1317 10.2245  0.0000  0.0019  0.0003  0.0003  3.5785 
 0.0000  0.0902  0.3509  1.1884  0.0770  0.1183  0.0000  0.2078  0.0003  0.0005 
 0.0000  7.1711  0.2731  1.4827  0.0064  0.8624  0.0000  0.5447  0.0749  0.0000 
 3.1303  0.1021  0.5637  0.0040 11.6191  0.0005  0.0002  0.0199  0.2637  0.2836 
 0.0059  0.2229  2.5379  0.0000  0.0240  1.9149  0.4284  0.0001  4.7995  0.0002 
 0.1342  0.2624  0.1369  2.4423  0.0904  0.7338  0.1295  0.1596  0.9662  3.6325 
 0.0000  0.0000  0.0000  0.0001  0.0000  0.0001  0.0000  8.9375  0.0005  2.9471 
 0.4021  2.9706  0.1086  0.0025  0.0006  3.5383  1.0596  0.0066  0.0000  0.3845 
 0.0000  0.0306  0.0926  0.0186  0.0000  0.0046  0.0052  0.0000  0.0023  3.4328 
 1.4102  4.3694  0.0031  0.0001  6.7112  0.2190  4.6536  0.0004  0.0001  0.0174 
 1.6559  0.0000  0.9015  3.5053  0.0529  0.0000  1.3797  0.0138  2.9418  0.0238 
 0.2428  1.3354  0.4605  0.0005  8.5714  0.5317  0.0052  0.0001  0.0000  0.1721 
 0.0097  0.0000  0.0028  0.0007  0.0002  0.0834  0.0004  0.0675  0.0000  0.5206 
 0.0043  0.0000  0.0001  0.0056  0.9419  0.0000  0.0553  0.9611  0.0741  0.1299 
11.3405  0.0755  0.0000  0.2520  0.0751  0.0219  0.7368  0.0063  1.3093  1.1257 
 0.0007  0.7305  0.0040  0.0775  0.0993  0.5698  1.8948  0.0000  0.3256  0.0832 
 0.0000  0.0000  0.0227  0.0023  0.0000  0.9788  5.9468  4.2880  0.0000  0.8940 
 0.5197  0.0000  0.0039  0.0027  0.0000  1.3777  0.1088  0.0127  0.0000  0.0000 
 0.0000  0.0375  0.0249  0.1576  5.5922  0.3077  1.0063  0.0014  0.0008  0.1219 
 0.0018  0.0003  0.0091  0.0122  0.2621  0.0011  0.4848  0.1532  0.0081  0.0001 
 0.3739  1.3085  0.0018  0.0000  0.0015  0.6774  1.3771  0.7788  0.0001  0.0011 
 0.0005  0.0000  0.1381  0.8673  0.0000  0.7086  0.0000  0.0028  0.0000  0.0272 
 0.0025 10.3927  0.0001  0.0000  0.0024  1.5222  5.9397  0.6438  0.1275  0.0904 
 0.4213  1.2104  0.4364  0.0000  1.4216  1.6136  0.1136  4.3634  0.0085  6.4279 
 0.1397  1.4766  1.0175  0.0002  0.0349  0.0000  0.0006  0.0000  0.0000  1.0605 
 1.1440  0.0002  1.4329  0.0001  0.0574  0.0000  0.0135  0.0626  0.0004  0.0249 
 1.2516  0.6556  0.0006  0.0161  0.0000  0.0068  0.8334  0.0000  0.0000  0.0060 
 0.8910  0.0000  0.2613  0.0000  2.7558  0.0003  0.0065  0.0033  0.0001  8.8110 
 4.1792  0.1313  0.0002  2.8852  3.7428  0.2503  0.5627  0.0021  5.4254  0.8089 
 0.0002  5.1014  0.0000  0.2004  0.3642  0.0021  1.9964  0.0028  0.0002  0.3120 
 0.0000  0.0025  0.0095  1.7278  0.0907  0.3080  2.3277  0.0000  0.0076  0.6160 
 0.2016  3.0778 20.1184  0.1700  0.0000  0.0123  0.0001  0.0125  0.1126  0.0015 
 0.0075  0.1162  0.0000  0.8768  0.0010  3.8612  0.0003  0.0070  0.7076  2.2779 
 0.0002  0.0000  0.3711  0.0009  0.3663  0.0000  0.0570  0.1007  2.3002  3.3316 
 0.0000  5.2651  0.0046  6.3931  0.0364  0.0179  0.8252  0.6308  0.0024  0.0015 
 0.0000  0.0064  0.2551  0.0000  0.0068  0.2200  0.0001  0.0000  7.2017  0.1348 
 0.0615  0.1812  0.0000  0.3562  0.0156  0.0059  0.0235  0.2002  0.0001  0.0008 
 0.0151  0.4666  0.0005  0.0353  0.0315  0.4323  0.0004  0.0220  3.2333  0.0012 
 0.1093  0.0000  0.0618  0.0372  0.0000  0.3435  2.0859  0.0000  0.0000  3.2668 
 0.5936  0.0002  0.0000  0.0000  0.2048  0.0003  0.0057  0.0006  0.0000  0.0000 
 0.0001  0.0239  0.0136  3.7714  2.0995  0.0002  0.0032  0.0783 14.8010  0.0000 
 0.0004  0.0000  0.0000  0.7883  0.4625  1.1430  0.0289  0.2605  0.0105  0.0712 
 0.0000  0.0518  2.6452  0.0000  0.0000  1.5794  0.0000  0.0000  5.9048  0.8257 
 0.3124  0.2248  0.0516  0.0531  0.0450  0.0081  0.0000  6.3269 13.7072  1.6497 
 0.2595  0.0000  1.9206  0.4914  0.0000  0.7958  0.9358  0.0007  0.0529  0.0028 
 0.2205  0.0002  0.1521  7.6989  9.6864  0.0007  0.0004  0.3195  0.0004  0.5972 
 7.5942  0.0024  0.0000  1.6636  2.9851  0.0000  0.0032  0.1712  2.7062  0.0003 
 0.6720  0.0780  0.0022  4.4152  0.0000 17.4284  0.0063  0.0000  1.6925  0.0397 
 0.0190  0.0181  0.0050  1.3710  0.0000  0.0000  0.1062  0.0000  0.1973  0.0000 
 2.0214  0.0684  0.9934  0.0186  0.0659  0.0015  0.0046  0.0023  0.0062  0.0268 
 0.4329  0.0001  0.0000  0.0000  1.3928  0.0471  1.1943  0.0231  0.4009  1.3399 
 0.0850  1.0797  0.6020  0.0000  0.0074  0.3909  0.0001  8.1565  7.7620  0.0131 
 0.1196  0.0001  0.0000  0.8852  0.0138  0.0221  0.0000  4.9265  0.0000  2.5080 
 0.2147  0.0993  2.2408  0.1073  0.9478  2.6635 14.7777  1.3401  0.0002  3.0070 
 0.0077  0.4229  1.0352  0.0565  0.0000  0.0008  2.6783  0.0002  0.0000  0.8480 
 2.2483  0.1196  0.0660  0.1464  0.0038  0.0058  0.0005  0.0306  0.0000  0.0130 
 0.0002  0.0030  0.0236  0.0001  0.0000  2.1870  0.2371  0.0000  0.5989  1.2337 
 0.0283  0.1922  2.6158  2.2865  0.0000  0.0017  0.0005  0.0045  0.2614  0.0876 
11.6019  0.0001  0.0015  0.0507  2.6384  0.0000  1.9443  0.0470  0.0106  0.4806 
 0.0000  0.0001  0.1290  0.0001  0.0072  0.3082  0.0002  4.6831  1.4006  0.0011 
 0.1695  0.0004  1.4009  0.0000  0.0000  2.2827  0.0023  0.0000  0.0000  0.0003 
 0.0000  2.5875 13.1181  0.1190  0.4239  0.0001  1.5022  6.2375  2.0793  0.0000 
 0.3898  2.3473  0.0009  0.7500  8.1711  0.8389  0.0260  0.0000  0.2819  0.1415 
 0.1883  1.4829  0.0281  0.0000  0.1735 39.9601  0.0005  0.7256  2.2544  0.0000 
 0.0000  3.4753  0.0000  2.8568  0.0869  0.0000  0.0278  0.1246 10.6101  0.0000 
 3.1736  0.0329  2.5271  0.0000  0.0001  0.2164  0.0004  1.6471  0.0754  0.1504 
 0.0000  0.0001  0.0000  0.0090  0.0000  7.0750  0.2657  0.0009  0.0024  0.0000 
25.9624  0.0007  0.1004  0.0009  1.0262  1.1058  0.5029  0.0462  0.0043  0.7513 
 0.0832  0.6390  0.3495  0.0005  0.3553  0.3645  8.8538 44.1011  1.1590  0.0009 
 1.3452  0.0576  0.0701  0.0000  0.0082  6.7020  1.9238  0.0027  4.6842  0.6544 
 5.8445  0.0000  0.2829  0.4227  0.0000  0.0001  4.6840  0.0004  0.0000  0.4395 
 0.0036  0.0006  0.0045  1.5524  8.9833  4.5696  0.0000  2.2294  2.0403  0.1645 
 0.1866  0.0055  0.0000  0.0000 11.6622  0.6666  0.0031  3.5255  0.0125  0.0178 
 0.0004  0.0000  2.2254  0.0120  0.0000  0.0089  1.8842  0.0000  0.0000  0.0693 
 1.3057  0.0215  0.0246  0.0938  0.0001  0.0305  1.2981  0.0002  0.0059  0.0340 
 0.0047  1.9334  4.5831  0.0422  0.0049  0.0000  0.0332  0.2769  0.7149  0.0000 
 0.0005  0.7303  8.3791  0.0103  0.0078  1.3755  1.6031  0.0000  0.3199  0.0005 
 0.0000  3.2921  0.0000  0.1226  1.0417  4.6028  0.7063  0.0000  0.0006  0.0082 
 0.0000  0.0000  0.0050  0.0829  5.5307  0.0003  4.0487  0.0056  1.1790  0.0000 
 4.1444  2.3228  0.0000  0.0000  4.5257  4.4487  0.9982  0.0000  0.0005  0.0000 
 1.4486  1.0021  0.0731  0.0107  1.7769  0.0276  0.0001  0.0482  3.3932  0.1316 
 0.3690  0.0192  0.0025  1.2602  0.0218  0.0000  0.0336  0.0010  0.0520  0.0000 
 0.3799  0.0159  0.0164  1.1927  0.1195  0.0149  0.0277  0.9929  0.2254  0.0000 
 0.0002  0.0147  4.6172  0.0001  0.0025 23.4754  2.5561  0.0000  9.3829  0.0099 
 0.5901  0.0001  0.1030  0.4827  0.0001  0.6641  0.1810  0.0075  0.8640  0.6493 
 2.1712  0.0000  0.0010  0.0000  2.7341  6.2537  1.3227  0.0402  0.0001  0.0382 
 0.0818  0.0895  0.0003  0.0869  0.1706  0.0085  0.0035  0.0000  2.1623  0.0079 
 0.0375  2.4580  0.0015  6.4522  0.0115  0.0114 19.4490  0.7193  0.0000  0.0288 
 0.0000  0.0888  0.0511  0.6490  0.1879  0.0001  0.0061  0.0001  0.0569  0.0000 
10.8084  0.0751  0.3114  0.0001  2.9790  0.0004  1.0912  0.0047  0.0228  0.0133 
 0.9619  4.5820  5.6776  7.9567  0.0014  0.0000  0.0264  0.0761  0.2857  0.2436 
 2.9048  0.6732  0.0030  0.0085  0.4720  4.0406  0.0000  0.0783  2.2732  0.0031 
 0.0083  0.0106  0.7217  0.8257  3.8509  0.0002  0.3206  0.7058  0.4853  0.0945 
 0.0000  0.0019  0.0444  3.4293  0.4137  0.0000  0.0004  0.0003  0.0000  0.1408 
 0.0188  0.7583  4.3482  0.0000  0.0377  0.0000  0.0019  0.0216  4.4411  0.0019 
 0.0008  0.3010  0.1474  0.4163  0.0193  0.0000 10.9212  0.0478  0.7231  0.0008 
 0.8639  2.1950  0.0000  0.0410  0.0002  2.3701  0.0622  0.0000  0.7935  0.3701 
 0.0802  0.0000  0.0000  0.0724  0.0001  0.0023  0.0217  0.2247  9.2547  0.0000 
 0.0000  2.5390  0.0000  0.3207  0.0083  0.2049 16.9630  0.6215  0.0023  0.2004 
 0.7814  0.0000  0.0001  0.9837  0.0000  0.1424  0.0001  0.6040  0.0030  0.6992 
 3.2324  0.0000  0.0192  0.0020  0.8228  2.5213  0.0061  0.8394  0.0024  0.0000 
 0.0032  0.0114  2.7932  0.0057  0.0260  0.2999  0.4108  0.0002  0.0431  0.0003 
 0.0000  0.0000  0.0001  0.0033  3.1432  0.0001  1.1288  0.0616  0.0003  0.0363 
 0.0182  9.2551  2.9514  1.1443  0.0002  0.0017  6.0545  0.2480  0.3011  0.2109 
 0.0001  0.0026  0.0001  0.0430  6.0286  1.3148  8.9745  2.1907  0.0003  0.1503 
 0.0000  0.0124  0.3785  0.9655  0.0042  5.0488  7.3342  0.1028  3.9250  0.0000 
 0.4001  0.0000  0.0001  5.8830  0.0071  0.0440  0.0783  4.5833  0.0000  0.0037 
 0.0100  0.0370  1.3885  0.0014  0.0159  0.0044  0.0000  3.7821  0.1621  0.1048 
 0.0096  0.0000  0.0731  0.1519  0.0002  0.0000  0.0599  0.0000  2.3845  0.0000 
 0.0000  0.0007  0.3908  1.4339  0.0004 10.2365  0.0000  5.3905  0.7173  0.0000 
 0.0000  0.6456  4.7530  0.0085  0.5158  0.9670  2.7267  0.0055  0.6660  0.0000 
 0.5540  0.0000  0.0012  7.6658  2.5463  0.4831  0.0053  0.0055  0.0006  0.0371 
 0.0053  0.0091  0.0008  0.0005  0.0000  0.0000  0.0041  6.4170  1.1985  0.0182 
 0.0001 11.5732  0.0008  0.0054  0.0000  0.1696  3.3612  0.3184  0.0001  0.2386 
 0.0486  0.5133  0.0008  0.0000  0.0000  0.4401  0.5455 10.0848  0.0855  0.4120 
 0.0851  6.8425  0.0022  0.0811  0.8523  0.0003  0.2025  0.0001  0.0110  2.0206 
 0.9216  0.0001  0.8836  0.0001  0.0000  0.0216  0.0000  2.0632  6.9099  1.5588 
