
Rates for sites

[replicate 1]
 0.0000  0.0044  0.0592  0.0395  0.0006  0.0002  0.0665  0.0002  0.0000  0.0000 
27.9125  0.9630  0.0127  0.3629  3.4436  0.0074  0.1821  0.6061  5.0153  0.3947 
 0.0001  2.5822  0.0000  0.0110  0.5810  0.0027  4.7328  0.9511  7.8933  0.5189 
 0.0000  4.3649  0.0062  0.0592  0.0652  0.0000  0.3014  0.0000  0.0310  0.0000 
 0.0151  0.0122  0.6360  0.0254  0.0000  4.6319  0.0071  0.7789  3.6649  0.8551 
 0.0063  1.4678  6.1854  0.0197  0.0000  0.7492  0.1303  0.2013  0.0081  0.0001 
 0.1285  0.1155  0.3655  0.0788  0.0000  0.2531  0.0000  0.4931  0.7577  0.5456 
 0.0000  1.8227  0.0840  0.0003  0.0045  0.0000  0.1013 12.2941  0.0674  0.0000 
 0.0004  1.3409  0.0224  3.3651  0.0544  1.5694  0.5472  0.0036  0.0139  0.0009 
 1.5060  1.4962  3.0307  5.6930  1.0490  0.0064  0.0000  0.0065  0.0297  0.0000 
 0.0051  0.0209  0.0421  0.0391  0.0417 10.0837  1.6526  0.3580  2.0411  0.0018 
 0.0923  0.3271  2.4556  1.4004  0.0006  0.0675  0.0000  5.5042  0.2818  0.8847 
 0.2278  0.1086  1.8321  0.0255  0.0000  1.0490  0.0000  9.8140  0.0001  0.0017 
 0.1271  0.0098  0.0000  0.0229  0.8068  0.1364  0.8696  0.0017  0.0029  0.0002 
 0.0000  0.0280  0.0102  0.0592  3.3975  0.0157  0.0056  3.0139  0.5271  1.2066 
 0.0395  0.0094  0.0000  0.0007  0.0745  1.7283  0.5289  0.0351  0.0001  0.0027 
 4.7044  0.5470  0.5931  0.1390  0.5260  0.0000  0.0000  0.0000  0.1822  0.0000 
 2.4403  0.6779  0.0000  0.0002  0.0533  0.0001  0.0001  0.0000  0.0004  0.7447 
 0.0702  0.0254  1.6221  0.0346  0.0988  0.0000  0.2178  0.0000  0.0005  0.3672 
 1.3954  0.0664  1.7580  0.0147  0.0341  1.7511  0.0001  4.8132  0.0474  0.4244 
 0.0045  0.0041  0.0200  0.0062  0.0134  0.0000  0.1468  0.0005  1.1494  0.0167 
 0.0052  0.1019  0.0342  0.0693  0.0001  0.0500  0.0055  0.2434  0.0000  0.0156 
 0.0033  1.6500  5.9030  0.0000  0.0000  0.0000  7.7257  0.0000  0.0000  0.0396 
 0.0002  9.8275  0.4610  1.4752  7.3735  0.6429  1.5120  0.0001  0.2565  1.9861 
 0.0012  1.6734  0.0001  0.0281  0.8000  0.0895  0.6413  0.0001  0.0000  0.0000 
 0.0147  0.0097  0.0001  0.0000  0.0572  0.2775  0.0000  3.4486  0.0804  0.0000 
 0.0122  0.0000  0.0125  0.0895  0.0011  0.0005  0.0001  0.0180 10.2141 11.6056 
 0.6380  0.0000  0.3538  0.0006  0.0395  0.2881 27.8710  0.6967  0.0000  0.6637 
 1.0782  0.0000  0.0000 12.2002  0.0418  0.0190  0.0000  0.0005  0.8538  0.0067 
 0.0132  0.0000  0.0002  0.2072  0.0012  0.0000  0.0020  2.6120  2.2951  0.0383 
 0.0405  0.0042  0.0000  0.0019  1.6557  0.0004  0.0000  2.8844  7.2920  0.0003 
 0.0000  0.0021  0.0057  0.0298  0.0000  0.0000  9.1899  0.0142  1.7959  0.0000 
 0.1156  0.0150  0.0000  0.1560  0.0623  0.0000  1.3986  0.0000  0.0069  0.0000 
 0.0009  0.0000  0.1612  0.0224  0.0000  0.0000  0.5700  0.3936  0.0000  1.1855 
 0.0045  0.0727  0.3659  0.4218  0.2614  0.0000  0.0000  0.0003  0.0005  0.2225 
 0.0000  0.0465  0.0023  4.1672  0.0005  0.0439  0.0057  0.4687 15.6782  0.0165 
 0.0460  0.3756  0.1681  0.5759  2.6771  0.0243  3.2140  0.0005  0.0000  1.4305 
 0.0000  2.0271  0.9667  0.1538  0.3618  0.2964  0.0000  0.0000  0.4698  0.0144 
 5.4099  0.1789 10.6850  0.5668  0.0001  0.1839  0.0000  0.0002  0.3298  0.0000 
 1.8138  0.0014  0.1011  0.5852  0.1285  0.0001  0.0020  0.0035  0.0000  0.1172 
 0.0220  2.8961  0.0000  0.0004  0.0000  5.3228  5.7729  0.0405  5.5799  0.0000 
 0.0157  0.4553  0.0061  0.0503  0.0000 10.0280  0.0000  0.9378  0.0061  0.0000 
 0.0484  0.0006  0.0374  0.0000  0.0000  0.0518  0.3555  0.6183  0.0337  0.0054 
 0.8565  0.0360  4.7966  0.0052  0.0000  0.0001  0.0000  0.0000  0.0010  0.0113 
 0.0727  0.5207  0.0005  0.0195  0.0470  0.0963  0.9764  2.5662  0.0995  0.0222 
 0.2300  2.2025  3.4924  1.0091  0.0295 11.0130  1.1790  0.0115  0.0041  0.0000 
 0.3723  1.6908  0.0030  0.1450  0.0001  0.0001  6.6763  0.2987  0.4961  2.4247 
 0.0016  0.0004  8.2920  0.0000  3.7919  0.0269  0.1495  0.0002  0.0005  0.0223 
 0.0957  4.1964  0.0093  0.0000  0.0022  0.0000  0.0053  0.0000  0.0060  1.9602 
 0.0002  0.0663  0.1085  0.0000  3.9573  0.5470  0.0000  0.2200  0.0003  0.0006 
 0.2093  0.2491  0.6950  0.0035  3.9119  0.0107  3.5334  0.0189  0.6481  9.6946 
 0.1421  0.0020  0.0853  0.0006  0.4029  0.0025  3.1909  0.0044  0.0451  0.0009 
 0.0317  0.2816  3.1302  0.0024  0.0000  0.1718  0.7928  0.0000  3.8796  0.0561 
 0.0001  2.6509  3.1918  0.0022  0.0405  0.0636  0.0000  0.0001  0.0010  0.5445 
 0.1222  0.0000  1.3990  3.8932  0.0000  0.0008 11.5476  0.0000  0.0953  0.7356 
 0.0022  0.0000  0.3892  0.0090  0.0191  1.4366  3.5507  0.0002  2.3103  1.3180 
 0.0498  0.6915  0.0777  0.0163  0.0683  0.1372  0.0410  1.3944  0.0058  0.0007 
 0.0000  0.0000  0.0039  0.0000  6.8085  2.9908  0.0079  4.3418  0.0887  0.0007 
 0.0000  0.0053  0.0015  6.7947  0.0007  0.1164  0.3787  3.4537  0.0001  0.0343 
 0.0000  0.0000  0.0007  0.0046  0.7776  0.0002  0.0186  0.0338  6.2975  0.0014 
 0.0000  0.0001  0.7171  0.0001  0.0003  5.0653  1.3424  0.0051  0.1623  0.3590 
 0.2317  0.0000  0.0000  0.7856  0.0000  0.0015  0.0000  0.0052  7.6698  0.0000 
 0.0022  0.1158  0.4008  0.0313  0.0000  1.1722  5.3941  0.0788  1.5577  0.0421 
 1.4798  0.0195  7.9903  1.5224  0.0002  0.0000  0.0513  0.0102  0.0290  0.0079 
 0.0083 14.2686  0.0075  0.0116  0.1106  0.0001  0.0306  0.0156  0.0022  0.0000 
 4.2380  0.0060  0.0000  3.7901  0.0020  0.1447  0.0029  0.0000  0.0000  1.6041 
 0.0008  0.0003  0.1349  3.5079  0.0004  0.0000  1.0337  0.0004  2.5891  0.0219 
 0.2938  0.0660  0.4245  0.0024  0.9058 10.1372  0.0048  0.0508  0.0000  0.0081 
 0.0000  5.5280  0.0019  0.0000  0.0154  2.2377  0.0001 17.9502  0.2650  0.2099 
 0.4624  0.6941  0.1238  0.4288  0.0044  0.0048  0.5822  0.0012  0.0000  0.0543 
 0.0591  1.2775  1.0307  0.0006  0.0000  2.3962  0.0876  0.0066  0.5706  0.0001 
 0.0030  0.0002  0.0207  0.0169  7.9843  0.0603  0.0009  0.0093  0.0163  0.0101 
 1.0184  0.0000  0.0008  0.0000  0.3372  0.0661  0.0002  0.0035  0.0377  1.8144 
 0.0799  0.0484  0.0000  0.0123  0.7503  0.0621  0.0597  8.7148  0.0028  0.0000 
 0.1513  0.0090  0.0001  0.2946  0.0323  0.0035  0.1038  0.0575  0.0000  0.0212 
 8.1629  0.0038  3.9197  0.0000  0.0000  0.0000  1.2593  0.0190  0.0000  0.1516 
 0.0042  0.2530  1.4196  0.0000  3.2670  0.0015  0.0575  0.7063  0.0000  0.1230 
 0.0000  0.0020  0.0000  0.0000  0.1784  2.4573  0.0001  0.2305  0.0128  0.1579 
 0.0087  2.1803  0.0432 16.7332  0.5058  0.0000  0.0011  0.0018  0.0018  0.0000 
 0.0773  0.0000  0.0000  0.0247  0.0227  0.1299  0.0006  0.0009  0.0299  0.3586 
 0.0003  0.1423  0.9254  0.0000  1.1161  0.3243  0.3913  0.1603  0.4611  0.3671 
 5.7978 12.1841  0.0000  0.0352  0.0000 11.1155  0.0021  0.0039  0.4584  0.3672 
 0.1603  2.6754  0.0000  0.0123  0.1852  0.0689  0.0845 10.2173  0.0075  0.6020 
 2.8340  2.1352  0.0511  0.0002  0.0002  0.0000 17.9885  2.3907  0.0002  2.4999 
 2.1295 12.1994  0.0007  0.0100  3.0643  0.0038  1.5914  0.0018  0.0600  0.0002 
 0.0751  0.1997  0.0000  7.0285  0.0325  2.1774  0.1291  0.0011  0.0000  0.0023 
 0.0245  0.0000  0.0014  0.1462  0.0051  0.0003  0.0000  0.0000  0.0001  0.0002 
 0.0000  0.0078  4.6168  0.0169  0.0000  0.3622  0.1945  0.0000  0.0030  0.1135 
 0.0148  0.0075  0.0037  2.2714  3.2248  0.0011  0.0080  0.0123  0.7444  0.0000 
 0.8415  0.6976  0.9875 11.7106  0.0005  0.0018  0.0000  0.0006 10.5463  0.0000 
 0.6793  0.0898  0.0000  0.0042  0.0000  0.0000  0.0103  0.0032  0.0220 26.9711 
 0.0000 12.0580  1.3573  0.1184  0.0001 11.5846  1.4727  0.0726  0.0059  0.5140 
 0.3050  0.9787  0.0000  0.0382  2.4115  3.1641  0.0001  0.0010  0.0000  0.0055 
 0.0000  0.0139  0.0000  0.0137  0.0002  0.0001  6.9136  2.6497  0.3435  0.7954 
 5.7582  0.0000  0.9064  1.8481  0.0018  1.8534  0.1101  0.0636  0.0008  0.0460 
 0.0006  1.1638  0.0072  0.0023  0.3333  0.0000  0.0000  0.0026  0.0000  0.0011 
 1.9180  0.0407  0.0520  0.0028  1.1491  3.2647  0.1207  0.0009  0.0000  0.0013 
 0.0006  0.1305  0.9555  0.0000  0.2416  0.0000  1.8058  0.0768  0.0001  0.0426 
 0.3407  0.1579  0.0002  0.0004  0.0000  0.0000  0.0000  0.0000  0.0168  0.0108 
 0.0007  0.8304  0.0000  0.1695  0.2543  3.5247  0.1981  0.0000  0.0932  0.0037 
 0.0424  1.0376  0.0919  0.1562  1.4242  1.2780  3.5304  0.0007  0.0016  0.0023 
 1.6438  0.3895  0.0000  0.0000  0.0780  0.0000  0.0004  0.9984  0.0005  0.0000 
 0.9651  0.2290  0.0025  5.1802  0.5073  0.0000  0.0002  0.0271  0.0015  0.0001 
 0.0533 24.9669  0.0507  0.0000  0.3398  2.9493  0.0000  2.2963  9.5067  0.0718 
14.2636  0.1916  0.0241  0.0833  0.4643  0.3077  0.0367  0.0017  2.2363  1.1189 
 0.0000  1.3139  0.9382  2.2913  0.1146  0.1834  0.5982  1.7456  0.0000  0.0056 
 0.0961  0.3191  0.0001  0.0000  0.9771  0.0101  0.0451  0.2397  0.0628  0.0000 
10.3098  0.0262  5.2439  0.1045  0.0014  0.0024  1.8631  0.0402  0.7392 18.4490 
 0.0710  0.2038  6.3100  0.0320  0.2901  0.0003  0.6975  0.0000  5.1642  0.0000 
 0.0337  0.0023  0.0024  0.0259  2.1547  0.4834  1.9338  0.0275  5.9310  0.0010 
 0.0111  0.1014  1.0157  3.2804  0.0003  7.2843  0.0004  0.0012  0.0009  0.0014 
 0.0008  0.9695  2.0846  0.0021  0.0000  0.0000  0.2982  0.0000  0.0877  0.0000 
 0.0247  0.0241  5.5511  0.0016  0.0010  0.0783  0.7997  0.0000  0.3768  0.2209 
 0.6121  0.1358  0.0031  0.0008  0.0033  0.0000  0.4197  0.0045  0.0069  0.2496 
11.1433  0.0000  0.0000  0.9077  0.0001  7.2074  0.0194  3.1527  0.0402  0.0798 
 3.8575  2.5303  0.1009  0.0000  0.0000  0.0082  0.0185  0.0020  0.0001  2.7700 
 0.0295  1.4415  3.2577  0.9824  0.0666  0.0003  0.0004  0.0061  2.3870  0.4329 
 0.0530  0.0000  0.0091  0.0004  0.7358  5.6830  0.0149  0.0001  0.0000  9.2389 
 0.1834  2.8004  9.0777  0.0002  0.6914  3.0382  0.0138  0.0417  0.2098  0.0914 
 1.0830  0.0001  0.0030  0.0038  3.5348  0.0001  0.7483  0.1372  0.4965  0.0021 
 0.0686  0.3604  4.4475  0.0003  0.0063  2.4618  0.0001  0.0000  4.7560  0.2358 
 0.0000  0.0015  0.7727  0.1628  0.2775  0.0001  0.0043  0.0005  0.0082  6.5663 
 0.1108  0.0000  0.0000  3.8306  0.0000  1.2553  0.0000  1.4682  0.0000  0.0421 
 0.0136  0.1524  0.0030  0.0005  0.1063  0.0000  0.2546  0.0486  0.1019  0.0273 
 0.0000  1.6670  0.1189  0.0000  0.0002  0.0085  0.6148  9.2223  0.1641  0.0002 
 2.9763 15.5295  0.0000  3.3562  0.0340  0.0000  0.0000  0.0085  0.0000  0.0003 
 0.0130  0.0349  0.0022  0.1724  0.0000  0.0000  2.2036  0.2049  0.0287  0.0000 
 0.3823  2.3614  0.0081  3.7684  0.0684  0.4451  0.1986  2.4768  4.5116  0.0763 
 0.0000  0.0000  0.0000  0.0086  4.2911  0.0002  0.2468  1.9287  0.4403  2.3506 
 0.0000  0.0327  0.1918  0.0029  0.0199  0.5876  0.0000  0.0000  0.0037  1.3236 
 0.0000  0.3735  0.0255  0.2576  0.0392  0.3000  0.0000  0.0002  0.0033  0.0044 
 0.0001  0.0568  0.0000  0.6451  0.0006  0.0069  0.0014  2.3333  1.2237  1.7078 
 0.0589  0.0002  0.0000  0.0127  0.0000  0.7910  0.1535  0.0000  0.0002  5.4602 
 0.0016  0.4302  0.4983  0.1140  0.0000  0.5547  0.0516  2.8532  0.1545  0.0418 
10.7496  0.0000  0.0109  0.0000  2.3814  0.4650  0.4688  0.0001  0.0971  5.5820 
 0.0000  0.6785  0.0000  0.0000  0.1891  1.0524  0.0592  0.0008  0.0003  7.8175 
 0.0005  0.4627  0.3413  0.1109  7.0137  0.0002  9.5253  0.0673  0.0000  0.0014 
 0.0000  0.0016 12.5674  0.0004  0.0027  1.3941  0.0018  0.0007  0.0072  1.3869 
11.4318  0.0063  0.3659  0.1838  4.1201  0.0000  0.2030  0.0192  0.0000  0.1261 
 0.2457  0.0035  0.0000  0.0567  3.3877  1.4253  2.8336  0.1171  0.0292  0.2929 
 0.0161  0.0000  0.9007  0.6038  1.5941  0.0453  0.0020  0.1007  0.4600  1.1009 
 0.0205  0.1096  0.0000  4.0914  0.0000  6.0577  0.0013  0.0103  0.1686  0.5249 
 1.3328  0.0018  0.0150  0.0673  0.4668  0.0001  0.0000  7.2210  1.2601  0.6726 
 0.0767  0.0000  0.3299  0.0040  0.0023  0.0000  0.0061  0.0551  0.8991  0.0005 
 0.0020  0.0000  0.0002  0.0000  0.0013  5.6800  0.1203  7.4948  0.0001  0.1486 
 0.0000  1.9454  0.0000  0.0006  0.0004  0.0005  0.0641  1.6233  0.0374  0.1639 
 0.3020  0.0000  0.0107  0.0713  0.0000  0.0434  6.5283  0.0000  0.0004  0.0005 
 0.0665  0.0000  2.6486  0.0109  0.0000  0.6634  0.0126  0.0324  2.4655  0.0963 
 0.0000  0.7696  1.1813  0.0000  0.0026  0.2163  1.8974  0.0001  0.0055  0.0486 
 0.0540  0.0709  0.6933  0.3127  0.1866  0.8548  0.0153  0.0007  0.0126  0.0000 
 0.0000  0.9727  0.0000  0.0882  0.0041 10.6623  1.0231  2.7112  0.0000  0.0021 
 0.0102  0.2736  0.0030  0.0024  0.4059  0.0110  0.1267  0.0463  0.4110  0.0000 
 1.0911  0.0891  0.0000  1.2609  0.0455  0.0000  0.0541  0.0615  1.2842  0.0076 
 1.5917  0.0081  1.2928  0.0000  0.2736  0.0002  0.0051  0.0711  0.0000  0.0001 
 0.0000  0.0134  0.0323  0.0047  0.0000  0.6442  0.0885  0.4118  0.0029  0.0000 
