
Rates for sites

[replicate 1]
 0.0056  0.4579  0.0016  0.0002  0.0012  0.2092  0.0106  0.0018  0.0000  0.0132 
 0.0001  0.4758  1.7714  3.3485  0.1387  0.0014  0.7461  0.0000  3.5078  0.0051 
 0.0017  0.0000  0.0000  0.0000  0.2965  0.0000  0.9975  0.0382  0.0083  0.0000 
 0.0021  0.0002  0.0461  0.0695  0.0000  0.0049  0.4095  0.9811  0.0013  0.0022 
 0.1147 10.9829  0.1519  1.7465  0.4890  0.0688  0.0000  0.0647  0.1005  0.1430 
 0.1410  0.2801  0.0000  0.4110 10.3154  0.0009  0.0024  0.0005  0.1502  2.5074 
 0.0000  0.0000  0.0000  0.8120  0.0369  0.0083  2.8472  0.9399  0.0000 12.0702 
 0.3375  0.1305  0.0608 11.5575  1.6210  0.0015  0.0001  0.1065  0.0774  0.0162 
 0.0000  0.0000  2.5895  0.0000  0.0042  0.0360  0.0718  4.1776  0.0396  0.1627 
 0.2177  0.0250  1.9632  0.0401  0.2878  1.9829  0.0029  0.2722  0.0212  3.4408 
 2.5886  0.2236  0.1683  7.4498  0.0000  0.0000  0.2667  0.4353  0.0318  0.0126 
 0.0000  0.5607  0.0924  0.0815  8.2879  0.0025  1.6546  0.0000  2.4811  3.9843 
 0.0133  0.0105  0.0310  0.7012  0.0732  0.0001  0.1163  4.1443  0.4204  0.0000 
 1.3614  0.0166  0.0000  0.0000  0.1285  0.5912  0.5520  1.9843  0.0904  0.0824 
 0.1310  0.0049  0.0000  7.1492  0.0002  2.4170  0.0178 22.9931  3.3224  0.0000 
 0.0592  0.0672  0.0000  0.0000  4.1537  0.0464  0.0696  0.3111  0.0334  0.0000 
 0.0114  0.0015  1.5921  0.1028  0.0270  0.5143  6.0617  0.0001  0.0659  0.5643 
 8.2202  0.7114  0.2467  0.0000  0.0000  0.0001  1.3728  4.4285  0.2504  2.1545 
 0.0114  0.1276  0.0015  0.1023  1.3256  0.5684  1.1639  0.0001  0.0000  0.0000 
 0.0005  0.0005  0.0009  1.4210  0.0836  0.0015  0.0096  1.7498  0.0001  0.0001 
 0.0440  0.4350  0.3040  0.4096  0.1865  0.0000  0.0119  0.6699  0.0000  0.0167 
 0.0024  0.1412  0.1090  4.0866  0.0000  4.4879  8.9772  2.6779  0.7424  0.3546 
 0.0000  5.3630  0.0508  0.1611  0.0000  0.4920  0.0259  0.0008 10.8942  0.0074 
 0.5955  0.0058  0.0811  1.4144  1.2589  0.0023  0.0021  0.0001  0.0160  0.0000 
 0.0012  0.4702  0.3242  0.2430  0.0004  0.0002  0.0128  0.4149  0.0835  3.7602 
 0.0230  0.5029  0.1154  0.0000  2.1903  0.0000  0.4640  0.0036  0.0001  0.0031 
 1.4404  0.9086  3.1021  0.0106  1.5630  0.0170  0.0274  6.6039 11.0715  0.0061 
 0.5591  0.6558  0.0096  0.0003  0.1602  1.7462  1.1476  0.0000  0.0040  1.1916 
 0.1321  1.5883  0.0000  0.0457  0.0008  0.0037  0.0000  0.4436  0.4605  0.3469 
 0.5863  2.2906  0.5313  0.0000  0.3318  0.0000  4.7611  0.0712  0.0054  0.0000 
 0.0000  0.2800  1.2966  0.3850  0.0000  0.0061  0.0602  0.0007  0.0010  0.6320 
 6.4912  0.0000  0.0001  0.0210  4.2769  3.5245  1.1439  0.2839  0.4896  0.0000 
 0.0005  0.0026  9.7646  0.0428  3.0968  0.2411  0.5598  0.0000  0.5144  0.1419 
 0.0002  0.5396  0.0161  0.6351  0.0000  0.0000  0.0000  0.0563  0.0000  0.0000 
 0.2584  0.6220  0.0000  0.0162  0.1361  0.2293  0.0000  0.2813  0.0067  0.4808 
 0.0000  0.0000  6.8506  7.3565  0.0000  0.2704  0.1145  1.8930  4.4159  0.0000 
 0.3895  0.0545  0.0001  2.1803  0.0004  1.5622  0.0000  0.0621  0.0000  0.0000 
 5.1489  0.1901  0.0157  0.0402  0.5435  0.0281  4.2246  0.0010  1.2237  0.2156 
 0.0045  0.0526  6.6739  0.0099  2.6326  0.0002  0.0000  0.0000  0.0007  0.6548 
 0.0374  0.0577  0.0026  0.0577  0.1307  2.3692  2.4876  0.0023  0.0001  0.9904 
 0.0046  0.0009  0.0448  0.2164  0.0600  0.0052  0.0413  0.0000  0.1120  3.0913 
 1.6425  0.5426  0.0789  0.0004  4.1677  3.0645  0.0023  3.1391  0.0002  7.4374 
 0.0013  0.0540  0.0863  0.1890  2.0137  0.0195  0.6686  0.9991  0.0004  0.1175 
 0.8766  2.3584  0.0327  0.9303  0.0000  0.0002  0.0004  0.0387  0.0183  0.0108 
 3.1864  2.2103  0.0000  0.0065  0.0000  0.0009  0.0189  6.7508  0.0139  0.0000 
 2.3665  0.0000  0.0237  0.0007  4.8402  2.9688  0.0000  0.0000  0.0082  0.3494 
 1.3022  0.0099  0.0000  4.1360  0.0002  1.7330  2.1537  1.1898  0.0014  0.2953 
 3.0314  7.5488  0.2524  2.0708  2.6222  0.2276  4.6657  0.0002  9.3683  0.9186 
 0.5014  0.0002  0.0152  0.0000  0.0055  0.0000  1.2232  1.1874  0.0000  0.0308 
 3.4034  2.1849  0.0064  0.6881  0.5871  0.4963  0.0000  1.4826  5.0462  0.2207 
 0.0000  0.0094 10.9219  0.4083  0.1356  0.1539  0.0776  0.0003  0.0533  0.0000 
 2.8667  0.0011  0.0672  5.9126  0.0036  0.2389  0.0055  0.0006  0.1004  0.0113 
 2.6990  0.0006  0.0000  0.0004  2.7700  0.0031  0.0000  0.0000  0.0000  0.1191 
 0.0932  2.2057  0.0000  0.2983  0.6483  1.4368  0.0011  0.0000  0.9938  0.0004 
 0.0785  0.3196  0.0020  0.0118  0.0870  0.0256  1.9720  0.0001  0.0298  0.0000 
 0.0641  0.9998  0.8170  0.0000  2.9695  0.0075  0.0416  0.0418  0.0495  0.8208 
 1.0989  0.0714  0.0002 23.7946  0.1010  0.2714  0.0000  0.0025  2.5607  0.0070 
 0.0000  0.1793  0.0090  0.0270  0.0000  0.0106  0.0001  0.0065  0.0407  1.0495 
 0.0016  0.0000  6.3846  1.3004  0.0042  0.1040  1.3261  2.1545  0.4259  2.0145 
 0.0572  0.0055  0.0128  0.0007  0.1519  1.7080  0.0638  1.1062  0.0737  0.0012 
 0.0040  0.0151  0.5230  0.0368  0.0000  0.4793  0.0000  0.0003  5.3593  0.5469 
 0.0007  3.5618  0.0764  0.0000  0.1318 10.6995  0.2112  0.2197  1.6133  0.0002 
 0.0710  4.0612  2.5117  0.1051  3.3230  0.4120  0.0000  1.1768  0.0000  0.2273 
 2.7735  4.9512  0.1105  0.0779  0.0000  0.4368  0.6559  0.3582  0.0075  1.2602 
 0.1111  0.1832  0.0043  0.4027  0.0000  0.0001  0.0000  0.6727  0.0659  0.4513 
 0.0226  0.1306  1.4013  0.3095  9.4209  0.0000  0.0013  0.1764  1.7692  0.8798 
 0.7764  0.0000  0.0000  0.0000  3.1508  0.1655  0.0013  2.5899  1.0859  1.0922 
 0.0000  0.5936  0.0106  0.0716  0.0000  0.7950  0.0000  0.1831  2.6938  0.0000 
 1.1126  0.0030  0.2414  0.0045  0.0015  0.0000  5.2468  0.0000  3.7564  0.0811 
 0.0215  0.1768  0.1655  2.0746  0.0000  0.0013  0.6255  0.0000  0.0000  0.0021 
 0.0000  0.5183  0.0005  0.0000  2.5566  0.1031  0.2695  9.3405  2.0217  0.1160 
 1.0922  0.0000  0.0821  0.1574  0.0785  0.0004  0.5305  0.0047  6.7520  0.1851 
 0.1948  3.5720  0.0000  0.0281  3.9917  0.0000  0.0000  0.0186  0.0685  0.0648 
 3.5852  0.0000  0.0061  0.1131  3.3997  0.0605  0.7864  0.0000  0.0357  0.7649 
 0.0002  0.0000  0.7398  0.0113  1.7122  0.1167  0.0000  0.0104  0.0006  0.0000 
 0.0965  0.0006  0.0675  0.2509  0.0002  0.2645  0.0011  0.0134  0.9354  0.0562 
 0.0000  0.0164  3.9738  0.0313  0.1886  0.1338 17.4728  0.0170  1.3780  0.0000 
 0.0026  0.0000  0.1871  0.0001  0.0711  1.7395  0.0027  0.0001  9.6525  0.0000 
 0.0000  0.0065  0.0004  1.0505  0.0000  0.0056  0.2423  3.1834  0.5647  3.2478 
 0.0162  1.1744  5.2701  1.4845  0.8867  0.4366  0.0000  0.0718  0.0388  0.0012 
 2.5750  0.0000  6.3893  5.7893  0.1249  0.0639  2.4832  1.3057  1.0400  0.0008 
 0.0000  1.1768  0.0006  0.0007  0.0619  0.0000  0.0273  0.0170  5.5378  0.0000 
 0.3501  0.2829  0.0004  0.0000  0.0000  0.0014  0.0307  0.0002  3.7126  0.5354 
 0.0000  0.0007  0.0000  0.0023  0.2667  0.4660  0.0001  1.7089 12.4854  5.9999 
 1.0014  0.6272  0.0016  0.3194  0.0001  0.0619  0.6341  0.0058  1.9018  2.3986 
 1.5174  0.0001  0.0172  0.0932  0.2432  0.3980  0.1657  0.7150  0.9641  1.1294 
 0.3240  0.0000 11.5890  2.4795  0.5526  0.0012  0.0448  0.0000  3.1847  2.4752 
 0.0002  4.7747  3.1459  0.1648  0.1295  0.0367  0.0528  0.0052  0.0002  0.0003 
 0.0054  0.5497  0.0552  0.0000  0.0006  0.2067  0.0000  0.0013  1.7048  2.7811 
 0.0002  0.0011  0.6790  0.0000  1.7341  7.9156  0.0000  1.6316  1.1527  2.0708 
 0.3038  0.2087  0.0212  0.0000  0.0030  0.0122  1.5461  0.1996  0.0194  0.2701 
 0.0150  0.0001  0.0058  0.0000  0.6352  0.0194  0.0000  0.0000  0.0000  1.6437 
 0.9440  0.1121  3.8947  0.0011  0.0733  0.0240  0.0814  2.6137  3.7736  0.0000 
 0.0645  0.0000  1.4706  2.9524  0.1955  1.4538  0.1651  0.0000  0.3346  1.8888 
 0.3156  0.0002  3.5190  0.0236  0.0001  0.6926  0.0000  0.5289  0.0000  0.1711 
 0.1979  3.0264  0.0185  0.3879 10.2312  1.1900  0.0207  0.1923  0.0000  0.0000 
 0.4191  0.0179  0.0000  0.0027  0.0001  0.0000  0.1964  0.0012  0.0007  0.0001 
 0.0006  0.0000  0.3425  0.0264  0.4349  0.2300  0.0000  0.0000  0.0000  2.8861 
 0.0435  0.0029  0.0000  0.0062  0.0245 13.3737  0.0535  0.0350  0.6710  2.2427 
 0.0002  0.0001  0.0068  0.2193  0.0005  0.0000  5.1217 11.8158  3.8292  1.8715 
 0.4189  0.0000  0.0002  0.2060  1.8075 12.9756  0.0027  0.0082  0.0001  0.1609 
 0.3303  0.0010  0.0000  0.2347  0.2425  6.1617  0.0007  0.0000  0.0000  0.0015 
 0.0001  0.3444  0.2233  0.0014  0.4759  1.5142  5.0337  0.0000  0.0001  0.2055 
 0.0000  0.0001  0.0264  1.4321  0.7003  0.0190  0.0000  0.0005  0.1160  0.0003 
 1.2097  0.0005  0.1453  0.0027  0.0060  4.2867  0.5460  0.0000  0.2406  2.4991 
 0.0117  0.0028  0.5191  0.0485  1.0611  0.1003  0.0070  0.0000  0.3231  0.0000 
 0.2722  6.6497  0.0076  0.0009  3.4269  0.0000  0.0001  0.0001  0.5122 37.6837 
 0.0015  0.1762  0.0000  1.6789  0.7851  0.3314  0.0166  5.4767  1.9950  0.3790 
 0.3889  0.0963  0.0015  0.0001  0.0000  0.0000  0.2750  6.4972  0.6214  3.0607 
 0.0000  0.0001  0.0006  0.0056  0.0000  0.0046  0.0017  0.9749  6.5307  0.1717 
 0.0000 33.1065  0.0563  0.2686  0.2731  0.0007  0.0001  0.0001  0.0036  0.0629 
 1.4016  0.9347  0.3681  0.0000  0.0000  0.6449  0.0197  1.1307  0.0000  7.0809 
 2.1264  0.0044  0.0387  0.0000  0.0809  9.0370  0.3745  0.1337  0.0282  0.2910 
 2.1808  5.0382  0.0000  5.5420  0.0090  0.0512  0.0018  0.0085  0.0000  6.6951 
 0.0120  0.0001  5.1349  1.9302  0.0821  1.6894  0.0000  0.0133  0.0318  6.4001 
 0.2375  0.1927  0.0012  0.0103  0.0000  1.0357  0.0001  2.5322  0.1191  0.0918 
 1.5555  0.4291  0.7863  0.0587  0.0012  2.4300  0.0154  2.9001  0.0000  0.0000 
 0.7739  0.0800  0.0011  5.5505  0.0000  0.0938  0.7153  0.0006  3.9543  0.0000 
 0.0020  0.0002  0.0118  0.0058  1.3981  0.0031  0.7408  0.0466  0.0000  0.0063 
 0.0951  0.1570  0.5068  0.0077  0.0680  0.2642  0.0479  0.1565  0.1920  0.7826 
 1.4965  0.1101  2.5445  4.0396  0.0019  0.0317  0.3610  0.1797  0.0000  0.0000 
 0.0001  0.0651  0.0001 10.3074  0.0859  0.7094  0.9918  0.3653  0.1336  0.1015 
 0.0000  0.0000  0.0035  0.0000  0.7257  1.1345  0.0000  0.6163  0.0000  0.5638 
 0.0036  0.9741  0.2738  0.0000  3.0932  0.0005  6.8091  0.0084  0.5799  0.0042 
 0.0000  3.8904  0.2627  3.7538  0.0040  0.6969  0.0616  0.8886  0.2133  0.1850 
 0.0879  0.3379  3.9451  0.1084  8.7241  1.1046  0.0000  0.1967  0.0001  1.4955 
 9.6522  0.0264  0.0314  0.0056  2.7713  0.0002  1.6843  0.0700  0.0524  0.1547 
 0.0599  0.2425  0.2316  0.0282  0.3841  0.0068  0.0054  0.0038  0.0010  0.0594 
11.5749  0.0028  0.4354  0.0000  0.0002  0.0110  0.0170  0.0015  4.3435  6.6385 
 2.5050  0.1245  0.1378  0.8128  0.1567  0.3202  1.5686  0.0660  0.0026  0.0000 
 0.0794  4.5788  0.0015  0.0070  0.0020  0.1896  0.7702  0.0154  0.0039  0.0000 
 0.0001  0.0000  5.0783  0.0284  0.6153  0.0000  0.0219  0.0314  1.5542  0.0134 
 0.7506  0.7457  0.7244  0.0417  6.8309  5.4144  0.2442  0.0000  2.0556  0.0016 
 0.0002  0.0001  0.0643  0.2392  0.2676  0.0000  0.0014  0.0651  1.4902 12.7641 
 0.2578  0.0040  1.3349  0.0000  0.3226  0.0068  0.0000  0.0049  2.6305  0.0005 
 0.0000  0.0000  0.0036  0.0068  0.0048  0.0003  0.3518  0.0048  0.0001  0.4443 
 0.0000  0.4461  0.0002  1.0376  1.2981  0.0031  1.5823  0.0096  0.0015  5.8038 
 0.1473  0.0004  0.1554  4.0662  0.0284  1.8348  0.0046  1.0882  0.0000  1.9882 
 0.2719  1.0999  0.0213 22.5666  0.0001  0.8613  1.3416  0.0973  0.0253  0.1082 
 0.0001  0.4954  0.2688  0.0062  0.0000  0.0025  0.0005  0.0514  0.4059  1.0059 
 0.2202  1.4930  0.9940  0.0000  0.1213  0.1603  0.0456  0.0104  0.0754  9.3110 
 0.0000  2.3452  0.3089  0.0828  0.0000  0.0000  2.7259  1.9757  0.0023  2.5221 
 2.7162  0.0001  0.0026  0.0083  0.0322  0.2743  0.0000  0.0609  0.0000  3.7256 
 3.5652  0.0004  0.3142  1.5999  0.0007  0.0099  3.7832  1.4274  0.0004  0.0491 
 0.3517  6.4846  0.4004  0.0242  0.1330  0.0001  0.0000  0.0025  0.0411  0.0536 
 0.0000  0.0000  0.6537  0.0332  0.6553  0.0000  7.0713  0.0036  0.4103  0.2224 
 0.0004  0.0646  0.0084  7.0665  2.8688  0.8949  0.0163  0.0028  3.5938  0.3628 
 7.4465 11.0238  0.8599  0.2659  0.0344  0.7346  0.0000  0.0462  0.1660  0.0006 
10.5149  0.0000  0.1451  0.5845  4.3583  0.4252  0.0052  0.9906  0.0002  0.1617 
 0.3679  0.1555  0.1627  1.7185  3.6890  0.2391  0.4596  0.0364  0.0000  0.0048 
 0.0856  0.0405  1.6929  0.0000  0.4683  2.6826  0.0004  0.0026  0.0009  3.2860 
 6.9669  0.2238  0.2126  0.8448  0.1956  0.0019  0.0035  1.5907  0.1353  0.0680 
 0.5917  0.2828  0.0382  0.0450  0.0476  0.0000  2.0683  0.1555  0.8319  0.0001 
 0.2735  1.7915  0.0000  0.0000  0.0000  0.1384  4.0479  0.6307  0.1827  0.0065 
 0.0000  1.8461  0.0041  0.6734  0.3718  0.0000  0.0016  0.3279  0.8775  0.0006 
