
Rates for sites

[replicate 1]
 0.0000  0.0977  0.0000  0.0138  0.0217  1.8875  0.0018  1.1515  0.0000  0.0055 
 0.6804  0.0000  0.1024  0.0000  0.0941  0.2506  1.4662  0.0179  0.0000  0.7619 
 0.0000  0.0000  0.4763  0.0090  0.0000  2.2344  0.0305  0.1988  9.8496  0.0008 
 0.0109  0.1086  0.5385  0.9485  0.0038  0.0146  0.2621  0.0043  0.0000  0.6292 
 0.0185  0.0009  0.0000  0.1919  0.0000 12.3052  0.0001  0.0000  0.0333  0.0001 
 0.1355  0.2139  0.2893  0.0000  0.0647  0.0620  0.7159  0.3088  0.2721  5.2198 
 0.0003  0.0000  0.0039  0.0003  1.7760  0.0021  0.1282  0.0357  0.0274  0.0000 
 1.3160  0.0548  0.8876  1.1655  5.1665  0.0667  1.6373  3.2521  0.0000  0.2510 
 0.0003  0.0007  0.0256  0.1845  0.8232  2.9811 18.6467  0.0052  0.0286  0.0001 
 0.0120  1.6846  1.2090  8.0141  0.3691  0.0382  0.0000  0.3835  0.0770  0.0001 
 0.0864  1.7114  0.0000  0.0289  0.0010  0.3054  0.5528  0.0339  1.2348  0.0022 
 0.0001  0.0248  0.0302  5.0991  0.1297  1.6425  0.0006  0.0000  2.3515  0.0000 
 0.0000  0.0006  2.0598  0.0508 12.4570 10.3722  0.2710  0.0832  0.8607  0.0090 
 0.4561  0.0005  0.0001  0.0046  0.0013  0.0216  0.0006  0.0011  0.0001  0.0000 
 1.5800  8.0514  0.0000  0.0671  0.0004  0.0054  0.3502  0.0016  0.3210  0.0165 
 1.0367  0.0000  0.0000  0.0001  0.4401  0.0273  0.1287  0.1318  0.0000  0.0895 
 0.0000  7.5265 13.5184  0.7274  0.0000  0.5020  0.0027  1.7237  1.9757  1.3806 
 0.0236  0.0253  3.4968  0.0035  1.9816  0.0000  0.0147  0.0056  0.0007  0.0010 
 0.0000  2.2342  0.0004  0.6715  0.0035  0.7829  0.0068  0.0057  1.7650 10.9592 
 0.1099  0.0000  0.0065  0.0007  0.0537  0.0009  0.0004  0.1600  0.2377  0.0000 
 0.0000  0.0001  0.0000  0.9010  0.5007  2.1202 17.0445  0.0009  4.7291  0.0239 
 0.2206  0.0420  0.0089  0.4392  0.0000  0.3244  1.8252  0.5173  0.0012  0.0000 
 0.0035  0.9625  0.2628  7.7750  0.5168  0.0048  1.1182  0.2206  0.0510  0.0098 
 0.0008  0.7608  0.0000  0.0000  0.0000  0.0011  0.1354  0.0000  0.0732  0.3090 
 0.0143  0.0160  0.4449  0.0010  3.6263  5.9608  0.0499  0.0000  0.6414  0.7136 
 1.5732  0.0000  1.3929  0.0000  0.0010  0.0002  1.1255  0.0001  1.8129  0.8716 
 0.6268  0.0387  0.0000  0.5143  2.0921  0.0014  2.0024  0.0000  0.0015  0.0048 
 1.1573  0.0000  0.0851  0.0000  0.1763  0.0269  0.0572  0.0000  0.0000  2.7031 
 0.0569  0.0107  0.0325  0.3306  2.7891  9.4856  0.0007  0.0009  0.0824  0.0174 
 2.1175  3.8264  0.0269  1.0160  0.0000  0.0423  9.0558  0.0000  0.0000  0.0054 
 0.4571  0.0385  0.5991  2.3349  0.5523  0.0000  0.0408  0.0002  0.0059  0.0000 
 0.0002  0.0155  1.6754  3.8454  0.3759  2.5891  0.0001  1.4441  0.0574  6.9378 
 0.0039  0.0000  0.0000  0.0001  0.0000  0.0002  0.0005  1.1160  3.2728  0.0084 
 0.0001  0.3566  0.0000  0.2850  1.1093  0.0000  0.0019  1.3408  0.0387  0.0000 
 0.0324  0.0036  0.0154  0.0021  4.8966  0.0014  0.0010  0.0200  0.0882  0.0000 
 0.0021  0.0022  1.8809  0.0369  0.0000  0.0060  0.0000  0.3206  0.1381  0.0000 
 0.0081  0.0612  7.2043  0.0787  0.0544  0.1460  0.0001  2.2701  0.0003  0.0381 
 2.9492  0.0270  0.0092  0.0224  0.0015  0.0363  0.0000  0.1589  0.0041  3.5697 
 1.5845  0.0968  0.1439  0.0016  0.0584  0.0083  0.0000  0.2646  0.0002  0.3630 
 0.0965  0.5864  0.0001  0.0007  0.0000  3.3506  0.1188  0.0017  0.0006  0.0116 
 1.5418  0.6672  3.8273  0.0000  0.1967  0.0000  0.3040  0.0852  0.0002  0.0124 
 0.0336  0.0007  0.0000  0.0305  0.0018  0.0883  0.9837  0.2212  0.0000  0.0012 
 2.5168  1.7993  0.2587  0.0445  0.0005  0.0015  0.0785  0.2446  0.0000  0.0070 
 0.0197  0.0019  0.0023  0.2589  0.1577  0.0000  0.0227  0.0005  0.0053  0.1660 
 0.0003  0.1298 23.7163  0.0000  4.0400  1.2983  0.7849  1.6682  0.4185 10.2746 
 0.0000  0.0019  1.3843  1.6776  0.0003  0.0436  0.1458  0.9374  0.5727  0.0000 
 0.1703  0.0008  0.0000  0.0237  0.3192  0.0002  0.0056  0.0001  0.0844  1.1826 
 7.0106  1.6166  0.0003  0.0154  0.0083  3.2269  0.0782  0.0000  0.0015  0.0436 
 0.0000  0.0000  0.0008  0.0004  0.6513  1.3271  8.2096  0.5725  0.0324  0.7643 
 0.0006  1.9740  0.1109  0.0000  0.4000  0.0001  0.0001  0.1543  0.1214 10.5104 
 0.0059  0.0118  0.0003  0.5745  0.0005  4.7274  0.0151  0.0000  0.0000  0.0103 
 3.2502  0.0000  2.4412 11.6151  0.0000  0.0228  0.0646  0.1173  1.4837  0.0002 
 0.2634  4.0499  0.0165  0.0611  0.8775  0.0674  0.0019  0.5458  0.8961  4.6274 
 0.0335  6.4196  0.0016  1.6323  0.0686  0.1002  2.2747  0.0014  0.0000  0.0915 
 0.0483  0.0720  0.0000  0.0360  0.0000  0.3037  0.0001  1.4294  0.0203  0.5302 
 0.0036  0.0708  0.0102  1.4647  0.0019  0.0000  2.6271  0.4145  0.2120  2.8822 
 0.5290  0.0002  0.3347  0.0000  0.5703  0.0368  1.5409 12.1133  1.9158  1.8062 
 0.0000  0.0017  0.0063  0.0270  0.9474  0.0219  0.0000  0.0018  0.2550  0.0000 
 2.0347  0.6691  0.0562  0.0331  0.0917  0.8970  5.8833  0.0102  0.0000  0.0000 
 3.8273  0.0399  5.2334  0.3114  0.9230  0.0117  0.0070  0.0589  0.0001  4.2409 
 0.0000  0.0453 15.1449  0.0001  0.0000  0.0001  0.0091 13.2523  0.0000  0.0000 
 0.0002  1.2757  0.0004  1.5317  0.1877  1.1009  1.8951  0.0000  0.0209  1.5951 
 0.3323  0.0419  0.0018  0.6066  0.9429  0.0005  0.0007 17.4844  8.3065  0.2874 
 0.0000  0.5739  0.1464  0.7388  0.0214  0.0493  0.4007  0.0205  0.0000  0.0000 
 0.0001  0.0000  1.0503  0.0175  0.0050  0.8355  0.0000  0.7194  0.0930  0.0000 
 0.0000  0.0436  0.3745  0.0006  0.0028  5.7560  0.0000  1.3995  0.0003  4.4252 
 2.9780  0.0002  0.0019  3.5427  0.0037  0.0000  6.3737  1.2171  0.0001  0.2932 
 0.2067  0.0152  0.0000  0.0000  7.3641  0.0000  1.8108 13.2031  0.2159  0.9102 
 0.0795  0.6302 11.0285  0.2623  0.0714  0.0036  0.0029  0.0797  0.0097  0.0194 
 0.5321  8.4517  0.0955  0.0000  0.2956  0.0960  0.0795  0.0000  1.0456  2.8698 
 2.5832  0.4348  0.0044  0.0000  0.1008  0.0004  0.0259  0.0006  0.1521  0.0448 
 0.0000  0.0122  1.2940  0.0650  0.1421  0.8613  5.9653  0.0070  0.0000  1.7458 
 1.6210  0.0771  0.0022  0.1250  0.1229  0.0000  0.1307  0.0035  3.6447  3.8191 
 0.0813  0.0000  0.0000  3.8009  0.2621  2.8626  2.7510  0.0049  0.3715  0.0008 
 4.9075  1.8073  1.3613  0.0014  0.9727  0.0003  0.0330  0.0385  0.6165  0.0026 
 0.0019  0.0350  0.0357  0.0000  0.0000  0.2889  0.0404  0.0368  0.0279  0.0201 
 0.0028  4.8708  1.4815  1.4715  0.3305  7.0470  0.0002  0.0017  0.0455  0.0000 
 3.6436  0.7279  0.3001  0.0474  1.6575  0.8565  0.4944  0.2130  0.0000  0.0000 
 0.0163  0.0054  0.0000  0.1591  0.3150  0.0000  0.0000  0.0248  0.0088  1.5445 
 0.5698  0.0035  1.6580  0.9660  0.0084  1.0007  0.0287  0.0000  0.0016  0.3157 
 1.2536  3.9478  5.2320  0.5091  0.0017  2.7105  0.0005  0.0243  1.7926  2.8343 
 2.9162  1.0399  0.1015  1.3215  0.1215  3.6830  0.0000  0.0000  0.0000  0.0027 
 1.9474  0.0069  0.0786  0.2426  0.0055  2.4918  0.0069  0.0042  4.0394  0.0295 
 0.0000  1.3750  0.5101  0.0014  2.0174  0.0350  1.1252  1.2630  0.3880  2.9712 
 0.1012  2.5052  0.0407  0.0035  0.0001  0.0362  2.2064  0.0001 16.3102  0.0000 
 0.0004  0.6964  0.0000  0.0613  0.0027  0.2167  0.4118  0.0499  0.0099  0.0602 
 1.0136  0.0583  0.0794  0.1403  0.5089  0.4936 10.9102  0.1833  1.7456  0.0000 
 8.0370  0.6520  0.0000  0.5611  0.0147  1.3702  0.0575  2.0560  0.0928  0.0147 
 1.1357  0.4509  2.3099  0.0362  3.4977  0.0000  2.1582  1.6313  0.0030  0.0024 
 3.0939  0.1483  0.0000  0.6049  0.0185  0.9632  0.0958  0.0074  0.8084  0.0004 
 0.0000  1.0126  0.7241  0.0001  0.0200  0.0674  0.8747  0.0000  0.0000  0.0001 
 0.0653  0.5386  0.0002  0.1025  0.5114  0.6622  0.2640  8.4202  0.3548  0.0238 
 1.3232  0.0112  0.2963  2.1561  1.5765  0.0075  0.6933  0.0012  0.0000  0.0011 
 0.0099  0.0686  5.9673  0.0742  0.9661  0.0555  0.0007  0.0000  0.0147 11.1113 
 0.8281  0.0000  0.0012  0.2749  0.0014  0.0000  4.7920  0.0009  0.4215  0.1032 
 2.5835  0.5358  2.5769  0.0000  0.1629  0.0007 25.3911  0.3285  0.0017  6.1802 
 0.0064  0.0000  0.0187  0.2337  0.2234  0.0028  0.0026  0.0002  0.0002  0.0001 
 0.1040  3.3949  2.9754  0.0000  0.0000  4.5653  0.0000  0.0039  0.8876  0.0000 
 0.6989  0.0005  0.0000  0.3872  4.4859  4.1848  0.9368  0.0000  0.0454  0.0000 
 0.5692  0.0078  0.1912  0.9671  0.0034  0.0000  1.8250  0.0109  4.3803  7.9201 
 7.9633  0.0073  0.0160  0.3072  0.0000  0.2038  0.0030  0.0001  0.1021  0.0005 
 0.0013  2.3349  0.5120  0.0071  0.0007  0.0023  0.0597  0.0372 12.6277  0.0000 
 3.7754  4.8799  0.0021  0.6100  0.0000  1.5791  1.5467  0.0539  1.4580  0.6408 
 0.0000  1.0797  0.0059  0.0020  0.0030  0.0061  3.6541  0.0261  0.0002  0.0000 
 3.9510  0.0004  0.0098  0.0007  0.2892  0.0002  0.0000  0.1140  0.0097  5.0049 
 0.8824  0.8411  0.0009  1.7004  0.8870  2.6276  0.2608  0.0636  0.0032  0.0006 
 0.0709  0.0000  3.9527  0.0000  0.0000  0.5340  3.7623  0.0752  5.0443  0.0001 
 0.0968  0.2983  0.0403  0.2424  0.0210  0.6333  0.0003  0.0629  2.0942  0.0000 
 0.0000  0.4749  0.0194  0.0345  1.2847  0.1236  0.0000  1.0417  0.0445  2.5587 
 0.0002  0.4318  0.0000  0.4989  0.0001  0.1289  0.0036  1.8535  0.6225  0.3063 
 0.0400  0.0206  0.9687  0.0493  0.0004  0.0134  0.0002  0.0789  0.0126  0.0003 
 0.2135  1.8330  1.8590  0.0001  0.0000  0.0354  0.7493  0.0008  0.0244  0.0518 
 0.0000  0.0000  0.0020  0.0119  1.6771  3.0593  0.3686  0.0000  1.2610  0.0399 
 0.2843  0.0000  3.1567  0.0312  0.0267  0.0000  0.2051  0.0386  0.0380 10.1003 
 0.2873  0.0057  0.0002  0.0003  0.0010  1.6652  2.9503  0.0006  0.0013  3.5919 
 0.0000  0.4372  0.0390  0.0005  0.1765  0.0051  3.0126  0.0000  1.0247  0.0000 
 0.3117  5.8192  6.5102  0.0000  0.0000  0.0000  0.0430  0.0028  0.3854  2.5930 
 0.5591  0.0000  0.0222  0.3766  1.0203  0.0768  0.0774  3.7538  0.0231  0.0964 
 0.0006  3.3802  1.4386  0.0606  0.0270  0.1127  0.2068  0.0021  0.1296  0.1024 
 0.2001  0.0000  0.0000  0.0189  0.0052 12.2304  0.0000  6.3117  0.0000  1.2651 
 0.0001  0.0002  0.1806  0.8785  6.2555  0.0051  9.0973  0.1761  0.0001  0.0452 
 0.0005  1.5106  0.0247  0.0000  6.8318  2.1673  0.6314  4.5742  5.5953  5.9403 
 0.0671  0.0703  4.0003  0.0007  0.0000  0.0001  0.0000  0.0901  0.7422  0.1307 
 0.0001  0.0000  5.3116  0.0582  0.0532  3.0020  2.4606  0.0088  0.1966  3.8921 
 0.0021  1.5772  0.0382  0.0000  0.8145  0.0020  0.0002  0.0120  0.0013  0.0311 
 0.0017  3.5287  0.0000  0.2007  2.6647  0.0005  0.0000  0.0024  1.5712  0.0154 
 0.0157  0.0414  0.1220  0.2080  0.0000  0.1007  1.4170  0.0000  0.0233  0.8422 
 0.0149  0.0007  0.0255  9.3195  0.0092  0.0068  0.2215  0.0515  0.1602  0.3082 
 2.1344  0.0001  0.0594  0.3301  0.0002  6.3529  3.3956  0.0017  0.0138  0.0000 
 0.0005  0.0047  0.0596  0.0118  0.0000 11.6159  0.0474  2.3563  0.0026  3.9914 
 0.0000  0.9619  3.7620  0.0000  0.3892  0.0076  7.9817  0.0000  8.8445  0.0084 
 4.4239  7.8423  3.8905  0.0007  0.0000  0.6508  1.7165  1.8360  0.0000  0.2060 
 0.2844  1.3454  0.0000  1.6249  0.0694  0.0007  0.0961  3.0033  4.2405  0.7866 
 0.4124  0.0004  0.2084  6.6244  0.0000  0.1369  4.5593  0.0500  5.8355  0.1863 
 4.0228  2.6022  0.5947  0.3798  0.0000  2.3747  0.0000  0.1305  0.0005  0.2274 
 0.3018  0.0000  0.0072  0.3552  5.6069  0.0025  0.6966  0.0000  0.1369  1.1034 
 0.0142  0.0079  0.1674  0.0074  0.0168  0.7963  0.1016  0.0001  0.0001  0.2547 
 0.0113  0.0027  0.0624  4.6846  0.0001  0.0000  0.0032  2.3201  1.9227  0.4747 
 0.0131  0.2096  0.0636  1.5115  0.0008  4.9171  0.0227  0.0000  0.2455  0.0001 
 1.1136  3.1666  2.3903  0.2163  0.0000  0.0000  2.4071  0.0303  0.0000  0.0001 
 0.0000  2.4251  0.0391  5.8838  2.3793  0.0000  0.0674  0.5103  4.6888  0.0000 
 0.0034  0.0009  2.0015  0.0898  0.0607  0.0015  0.1260  0.0001  0.0001  0.0105 
 0.0032 12.8481  9.8377  6.8126  0.0111  0.0003  0.0501  0.3997  0.0000  0.0000 
 0.0052  1.9611  0.0006  8.8977  0.0000  0.0311  0.0005  0.0000  0.9769 13.2012 
 0.0023  0.2582  0.0046  0.0000  0.0003  0.1483  0.4027  1.0609  0.2025  2.3397 
 0.0022 10.3974  0.1239  0.0001  0.0735  0.0017  0.0162  0.0128  0.0190  2.3239 
 4.1236  4.4861  0.0452  0.2936  0.0000  0.0546  0.0063  0.0175  0.0043  0.6163 
 0.0000  0.7872  0.2205  0.0000  0.0005 24.5545  0.0100  2.2377  0.0000  0.9722 
 1.0211  0.0000  1.3615  0.1223  0.0000  0.0000  2.2301  0.0162  0.0000  2.5331 
 0.2862  0.0000  0.1889  0.0002  1.1104  4.5732  0.8892  0.2011  0.0000  0.0000 
 3.9401  1.6793  7.3548  0.1377  0.1038  2.2037  0.3342  0.0017  0.0441  1.6340 
 0.0129  2.4915  0.0147  0.0144  0.0223  0.0015  0.0115  5.5604  0.0024  0.0020 
 4.3493  0.0147  0.5768 19.5549  0.0001  0.2657  0.0000  0.1049  0.0004  0.0007 
 1.3608  1.7438  4.1509  1.7663  0.0000  5.2034  0.0132  1.1782  3.5456  2.1189 
 0.0515  2.4475  3.0545  0.0012  2.7688  0.0017  0.5817  0.2415  0.1604  2.2600 
