
Rates for sites

[replicate 1]
 0.0010  0.0000  0.0024  0.0138  0.0000  0.0000  0.1818  0.9412  2.1495  0.0003 
 0.0001  0.1763  1.1645  0.0003  0.1056  0.0000  0.0000  0.0219  0.0340  0.0053 
 0.0020  0.7813  0.0872 11.2807  0.0024  0.0000  0.3165  0.7760  0.0659  0.0309 
 0.0044  0.0000  0.1927  0.0004  0.0028  0.0000  0.0763  0.0765  1.9378  8.1491 
 0.0448  2.4698  0.0507  0.0786  0.0000  0.0000  0.0518 16.4905  3.9333  0.0002 
 0.0681  1.1388  7.1591  0.0238  0.0320  0.0261  0.2056  0.0159  0.8544  0.0013 
 1.2431  0.0020  0.0347  2.9187  0.0554  0.0000  0.0056  0.0046  1.1577  0.0032 
 0.6568  0.6375  0.0000  0.0000  0.0194  0.1245  0.1891  0.0000  0.1281  0.0513 
 0.0013  0.0004  0.0012  1.0882  0.0000  0.0005  0.0137  0.3121  0.0000  0.0094 
 0.0341  0.0003  0.0020  0.0015  0.0199  0.0000  0.0000  0.0313  3.2835  2.6815 
 0.7306  4.2735  0.0081  0.6123  0.2521  2.2533  0.0415  0.0000  0.0002  0.2005 
 0.1303  0.0000  1.5871  0.0000  9.6404  0.0180  0.6159  0.1331  0.0127  2.9541 
 0.0002  8.1377  0.0069  0.0020  2.7371  0.1037  2.4813  0.0000  0.0094  0.0011 
 8.0470  0.0027  0.0024  3.5316  0.7280  2.0222  0.4475  0.8180  1.6390  0.2896 
 3.5991  2.2751  0.0625  8.7093  0.7644  0.5776  0.0819  0.0006  0.0749  4.6512 
 0.0321  0.3190  5.1658  0.2256  0.8898  0.1480  7.9221  0.0129  0.0018  0.2832 
 0.7287  7.1319  0.0005  0.3027  0.0000  0.2598  1.7945  0.1690  0.4115  4.3286 
 0.0151  3.7479  0.1110  2.5536  0.0011  2.3223  0.0000  0.2373  0.6626  0.2212 
 0.0008  0.0167  0.0540  3.2675  3.5452  0.0077  1.7137  0.0003  5.3773  0.0179 
 3.8266  1.7826  0.1115  0.2965  0.6003  0.5478  0.0000  0.0767  1.2078  0.3158 
 0.3207  0.0613  5.5838  0.0114  0.0002  1.8172  0.0000  0.0003  0.1420  0.0005 
 0.0012  0.3627  0.0837  0.4441  0.1406  0.9061  0.0038  7.4293  0.0426  0.0001 
 0.0000  0.0001  1.3381  0.0000  3.1897  0.0387  0.9929  0.0000  4.7786  0.0000 
 0.0000  0.1369  0.8745  0.0000  0.2576  0.2656  2.3244  0.7885  0.0000  0.0641 
 3.2815  0.1892  0.1547  4.6830  0.6958  3.1157  2.5929  0.1121  0.0018  0.0013 
 0.0436  0.0000  0.0019  0.0023  0.8466  2.3983  0.0237  0.1307  0.0000  0.0132 
 0.0000  0.0000  0.0069 21.5928  4.0177  2.0020  0.0002  0.0203  1.5655  0.0000 
 1.9058  0.0001  0.0236  0.0209  1.6180  3.5369  1.4399  3.1304  0.1811  0.0000 
 0.3508  0.0000  0.1470  0.9926  0.4959  0.0039  0.1931  0.0000  0.0198  0.0441 
 0.1799  0.0002  5.0872  0.2154  0.2795  0.0106  0.0443  1.4724  0.0799  0.4103 
 0.4705  0.0020  0.0008  0.1002  0.0031  0.0000  0.0271  0.1754  0.0000  0.0017 
 0.1503  0.0129  1.0496  0.8121  0.0779  3.3781  2.2057  0.0000  0.0023  0.3572 
 4.8636  0.0054  0.0000  0.0211  1.3809  0.0209  0.0000  7.0491  0.1510  0.0251 
 0.3998 11.6498  0.0005  0.0020  1.7257  0.1056  1.2491  0.4522  0.1332  0.0000 
 0.0772  0.0000  2.6369  0.0000  0.0001  0.0533  6.3027  0.0463  2.0686  0.0001 
 2.5739  1.2873  0.0000  1.7884  0.3136  0.0028  0.0000  0.0000  0.0000  3.0628 
 0.0226  0.0066  0.5013  0.0000  3.4295  0.0001  0.0000  0.7104  0.1551  0.1086 
 0.0085  0.5307  0.0097  0.0000  0.0809  0.0006  0.0066  0.1369  0.0323  0.1641 
 0.0000  1.3023  0.0004  0.0289  0.0434  0.0729  0.0004  0.0441  1.5636  0.1821 
 0.2188  0.0000  0.0143  2.1706  0.2601  4.4320  0.1326  0.1005  0.0000  0.4931 
 0.4490  1.0061  4.0180  0.6626 12.7999  0.0082  1.3403  0.0000  0.0002  0.0100 
 0.0857  0.0000  1.8467  0.0032  0.0390  0.0000  0.3042  0.9224  4.5055  0.3771 
 1.3853  0.4969  0.0031  0.0000  0.0002  0.0348  0.0007  1.5653  0.9440  0.0003 
 0.0019  2.7183  0.0000  0.1647  0.0000  0.0133  0.0006  2.1149  3.4416  0.0001 
 0.0059  0.0001  2.9870  0.9919 11.0302  0.0000  0.0480  0.0006  0.0008  0.5861 
 0.7510  0.5016  0.0002  0.2413  0.0007  2.2056  0.0054  0.0099  0.0112  0.0094 
 0.5943  0.0001  0.0002  0.0477  0.0000  0.0002  0.2807  0.0001  0.0420  0.0730 
 4.3887  0.1580  0.1729  0.0002  0.0000  0.0000  0.5537  1.8816  2.5267  0.1529 
 0.3532  1.2697  2.4348  0.0000  8.8086  0.0031  1.7496  0.0981  0.0011  0.5625 
 0.0005  0.2545  0.0001  4.7773  0.0000  0.0000  0.0139  0.1436  1.3661  0.0589 
12.9648  3.6817  1.5066  0.0000  0.0493  0.0006  0.0000  0.0294 16.9171  0.0286 
 0.0058  0.0018  0.0000  0.0605  0.4819  0.0156 11.3060  0.0592  0.0000  0.0000 
 1.1394  1.9761 28.4617  0.0000  1.7552  0.0000  0.0041  0.0002  0.0003  0.0022 
 0.0000  0.0903  1.3856  0.0004  0.0046  3.0273  0.1827  0.0589  0.0014  0.0402 
 0.0000  0.0000  0.0006  3.2837  0.7610  0.1684  3.4085  0.1148  0.5573  0.0000 
 0.0002  1.8036  0.2545  0.0000  0.0001  0.8012  0.1034  0.0025  0.0455  1.5209 
 0.0000  0.0075  0.0002  0.0000  0.0014  0.1709  0.0024  0.0023  0.0368  5.6661 
 0.2589  0.2303  0.7460  0.0013  0.0256  1.2422  9.8523  0.0000  4.0309  0.0592 
 0.0589  0.0002  2.8954  0.0069  0.0158  0.0008  7.7563  0.0567  0.0079  0.5919 
 0.3004  0.0000  0.4397  0.0000  8.3669  0.0420  0.0437  0.0000  0.0029  0.0000 
 0.0000  0.2487  1.6227  0.0000  0.4329  0.0000  2.3249  0.0001  0.0000  8.1147 
 0.0000  0.4079  5.8767  0.0000  0.3178  0.0000  4.5022  0.0579  1.0915  0.7815 
 0.0323  1.4975  2.0852  0.2378  5.7404  0.0000  0.0053  0.3512  0.0002  1.0029 
 0.0019  0.5857  0.3163  0.0077  0.0393  0.0075  0.7826  0.0000  1.1070  0.0472 
 0.0001  0.0948  1.7026  5.0326  0.0001  0.0011  1.4816  0.0010  0.0628  0.4942 
 0.1990  0.0000  0.1376  0.0116  1.2467  0.0004  0.0152  0.4976  0.0002  0.0000 
 0.5995  0.0000  0.0000 10.3184  0.0026  0.0001  0.1563  0.2885  0.1425  0.0008 
 0.0305  0.0000  6.8388  0.7235  0.0096  0.0002  0.0073  0.3228  0.0438  0.0009 
 0.0000  0.6362  0.0002  1.8948  0.8957  1.0116  0.0000  0.0942  0.0325  0.4861 
 1.8522  0.0000  0.0480  0.0013  0.0268  1.1376  0.0009  1.1679  0.1410  0.7630 
 1.5024  0.2659  0.0164  0.9570  0.0001  0.5111  0.0027  2.4767  0.7810  0.0000 
 0.0000  0.0001  0.0002  0.4917  0.2399  0.0017  0.2207  0.0006  8.3716  0.0000 
 0.7235  0.5131  0.0038  0.4549  0.1838  1.2005  4.8149  0.0002  0.0000  0.0208 
 0.0392  0.0102  0.0000  1.2817  0.0000  0.0000  0.0000  3.6020  0.0012  0.0011 
 3.8967  0.0000  0.1095  3.1642  0.0000  3.8349  0.0000  0.0000 19.4682  0.0060 
 0.4251  0.0005  0.0064  0.5350  0.1345  1.1567  0.0003  0.0000  0.0386  0.2789 
 0.6182  4.7534  0.0407  8.5127  0.8586  2.2359  0.0014  0.1628  0.0001  0.5712 
 0.0000  0.1625  0.0000  0.0013  1.9601  0.0005  0.0372  0.0136  0.0000  0.0000 
 0.0167  0.1818  1.7308  0.0426  0.0106  3.5885  5.0529  0.3524  0.0283  0.0000 
 0.0440  0.5606  0.0236  1.0667  0.0005  0.0000  1.3087  0.0023  0.0505  0.9764 
 0.0001  0.0038  0.0000  0.0000  0.0604  0.0002  0.0114  0.1077  0.0000  0.0000 
 0.0139  2.0055  2.4803  0.0635  0.0000  0.0426  0.0072  0.0043  0.3309  0.5604 
 0.0026  0.2955  0.0000  0.0001  0.0818  0.2096  0.0509  0.4783  0.0000  0.0379 
 0.0069  0.6011  1.9720  1.1976  5.8423  0.0106  0.9494  0.0001  3.7604  4.9186 
 4.8367  0.6272  0.0000  0.0011  0.0000  0.0029  0.0002  0.8013  0.0573  3.7175 
 7.5800  8.5683  0.0000  0.4563  0.3226  0.0000  3.0742  5.4154  0.0015  5.0608 
 5.3058  0.0215  0.0369  0.1182  0.0019  0.0058  0.0001  2.7376  0.1262  0.0000 
 0.0000  0.0000  0.0132  0.0005  4.7982  0.8773  0.0965  0.0344  1.5358  2.4950 
 0.0000  0.0829  0.8143  0.0655  0.8239  0.0000  0.2611  0.0001  0.0027  0.0044 
 0.3382  0.0000  0.0000  0.0566  4.9585  0.0063  0.5357  0.0010  0.0000  0.0003 
 0.3351  2.9775  0.0029  0.0008  0.0443  0.0010  1.6822  0.0594  0.2136  0.0000 
 0.0000  0.1758  0.2926  0.0083  0.0000  0.0001  3.1618  0.0009  4.7641  3.7878 
 0.1996  0.0148  2.2917  0.0467  0.0004  0.0077  2.6233  0.0593  1.2558  6.0565 
 0.0324  0.2992  0.0002  0.0121  0.0000  0.0000  0.2030 21.3037  5.3882  0.1569 
 0.0000  0.0006  0.9508  0.9453  0.0044  0.2684  0.0072  0.0000  0.3742  0.1702 
 0.0000 10.0880  0.0454  0.0006  0.7307  0.0106  0.8026  0.5265  0.3119  0.0011 
 0.0000  0.0277  0.3313  0.4532  0.0000  0.0707  0.4277  0.0000  0.0148  0.0162 
 2.9349  0.0016  3.6074  0.0988  0.1011  0.9706  0.1058  0.1778  0.0079  0.0614 
 0.5611  0.0091  0.4575  0.0874  0.0054  0.0005  0.5857  0.0815  0.0000  6.2894 
 0.0018  0.1638  0.0000  2.6474 12.0694  0.0049  0.0174  0.0070  0.0327  0.4266 
 1.8171  0.2067  0.4341  0.2491 15.5436  0.0046  0.0000  0.0119  0.7472  0.0000 
 0.1983  0.0000  1.7671  1.2243  0.3846  0.2770  0.0002  5.0974  0.0000  0.0049 
 0.0000  0.4378  0.7683  0.0000  0.0000  7.8453  0.1308  0.0256  0.1815  0.0546 
 0.0000  0.0000  1.2433  0.0002  0.0029  0.0000  0.0846  1.3800  0.2310  2.2338 
 4.0884  6.5615  0.1161  0.1492  0.0000  0.7521  1.5531  7.9035  0.0466  0.0050 
 0.0004  0.0428  0.0000  1.0750  0.0141  0.0010  1.3263 13.0744  1.0220  0.0001 
 5.9910  8.8470  0.0000  8.8033  0.0352 12.8801  0.0154  0.4908  0.0725  0.3555 
 0.5092  0.4150  1.5934  0.0061  4.1547  0.0021  0.0000  0.1303  0.0184  0.0052 
 0.0483  0.0011  0.0085  0.0176  0.0577  0.0017  0.4778  2.8225  0.0000  0.0044 
 0.3470  0.0000  0.0001  0.0352  1.7088  3.1281  0.0000  0.0000  0.0000  0.7611 
 1.0681  0.0000  2.3424  0.0455  0.2313  4.3662  0.4789  0.0094  0.0269  0.0126 
 0.0001  0.0002  0.7292  1.9484  0.0186  0.0002  0.0011  0.0884  0.0000  0.0000 
 0.0014  0.0008  0.0277  1.0370 13.3709  0.0000  0.0000  0.7828  0.0000  1.7517 
 0.4350  1.9312  0.0129  0.0000  0.7188  0.0007  0.0078  0.0000  0.0005  0.0000 
 0.7248  0.0000  0.0090  0.2079  0.0000  0.0587  0.0031  0.0000  0.9162  0.0000 
 0.0000  0.0073  0.2565  0.0592  2.6503  0.0001  1.7314  0.0000  0.0000  0.0000 
 0.0000  0.2616  0.3296  0.0003  1.8474  6.6643  0.0573  0.0310  0.3771  0.0039 
 0.0012  0.4392  0.0008  7.8555  0.5055  0.0009  0.0000  0.2688  0.1161  1.2316 
 0.0000  0.0000  0.4682  1.9161  1.3671  0.0026  0.0306  2.9108  0.0826  0.4720 
 0.0000  1.6940  0.2688  0.2310  0.7329  0.0438  0.4233  3.5974  0.0002  0.0000 
 0.0030  0.0001  0.0000  0.3329  0.0016  0.0182 10.4968  0.0000  0.0639  0.0216 
 0.0005  0.0440  0.0000  0.0000  0.2753  0.0000  0.1051  0.0000  0.0158  0.0015 
 0.0476  3.8359  0.0000  0.0114  0.0000  0.0024  0.0016  5.6451  0.3007  0.0008 
 0.0000  0.3301  0.0000  0.0000  0.0012  0.4958  0.0073  0.0025  0.0163  0.0002 
 0.0000  0.0007  0.0015  0.1022  0.3186  0.0282  0.0469  0.0000  0.0000  0.2786 
 0.1457  1.1225  0.0012  0.0971  0.0108  0.3205  0.0000  0.0028  0.1252  0.5365 
 0.0000  0.4470  0.0590  0.0000  0.0017  6.6158  0.0101  0.0023  8.5776  0.0292 
 0.5436  0.0000  0.4805  0.4944  0.0000  0.0000  0.0829  0.5740  0.0000  3.5100 
 0.7772  0.0000  0.5548 10.5622  5.8714  0.0001  0.4189  0.0009  0.0039  0.0052 
 0.0000  0.0052  0.3572  0.0145  0.0001  0.0002  0.5522  0.0222  0.0192  0.6858 
 0.0241  0.0001  0.0004  0.0046  0.0980  0.0062  7.9452  0.7221  1.3807  0.2094 
 0.0019  0.0000  0.3654  0.2211  0.2097  0.0000  1.0394  4.1960  0.0000  0.0139 
 2.3862  3.5311  0.0275  0.3121  0.0031  0.0069  0.0021  0.0003  0.2306  0.0003 
 9.5076  0.0212  1.0576  0.0015  0.0000  0.0192  0.0751  0.0000  0.2883  4.5783 
 0.4362  0.0000  0.1436  0.1216  0.4078  0.0060  0.0414  5.9290  0.0348 12.0633 
 3.8252  1.6534  0.1830  0.0006  0.0000  0.0121  0.0012  0.0752  1.5401 11.6269 
 0.0011  1.4715  7.8852  0.9410  0.0001  0.0000  1.9299  0.0306  5.8334  8.8525 
 0.0001 17.3165  0.0035  0.0431  0.0063  0.5155  0.0015  0.0000  0.5050  0.3264 
 0.0027  0.1165  3.7873  0.0438  1.2112  0.3288  0.0002  0.0061  0.0049  0.2130 
 0.0000  0.0999  0.5473  0.0006  0.0000  0.3420  0.0588  0.0047  0.0000  0.0111 
 0.0000  3.0595  0.0000  1.1786  0.4212  1.0237  3.6728  0.4106  0.0414  0.0277 
 3.8572  0.0150  0.6166  0.0285  0.0006  4.6638 12.0104  0.0005  0.5226  1.4013 
 0.0007  2.8089  0.0002  0.2314  0.0009  0.0809  0.0225  0.1531  0.0000  0.0000 
 0.0706  0.0231  0.0663  0.0000  1.3201  0.0074  0.0000  0.3031  1.6327  0.0001 
 0.0000  0.5023  2.9621  0.0111  0.0012  0.0004  0.0012  1.7712  0.2837  0.5823 
 0.0106  0.0207  2.6023  0.1977  0.0001  0.4665  0.0632  0.3662  0.2229  0.0005 
 0.7812  1.3475  1.7764  0.0150  0.8658  0.0005  5.9919  0.8413  0.0013  0.0000 
 0.7488  0.0615  0.2136  0.0000  0.0028  0.1270  0.0000  0.0000  1.7840 14.6362 
 0.0008  0.1538  6.5535  0.0001  0.0000  0.0000  0.0059  0.1245  0.0024  0.0056 
 0.0001  0.0013  0.0586  0.0822  0.0000  4.5219  0.0001  0.0000  0.0013  0.0242 
 0.0001  0.0560  0.0001  0.0619  0.0327  3.2246  0.0918  0.0007  0.1012  0.5200 
 0.0000  0.0000  0.0000  0.0003  0.0331  2.1827  0.0000  0.0001  0.0000  0.0000 
 0.0004  0.0037  5.7928  0.0000  1.3549  0.0003  0.0097  0.0078  0.0077  3.5256 
 0.4756  0.1514  9.7214  2.1199  0.0000  0.0002  0.0554  1.8761  0.4220  2.9573 
 0.7939  0.1719  0.2489  0.0000  0.0000  0.0000  0.0063  0.0118  0.4465  0.0068 
