
Rates for sites

[replicate 1]
 0.0046  0.2147  0.3356  0.0000  0.0728  0.0000  0.2815  0.2145  0.8242  0.0027 
 0.1839  0.0000  0.0474  0.0078  3.8648  0.1029  0.0531  1.2731 10.1636  0.0969 
 0.0264  0.0156  0.0288  0.6547  7.5346  0.0000  0.0000  0.0328  0.4017  2.1699 
 0.0269  0.0171  0.0000  0.5008  0.0261  6.4119  0.5942  0.0221  0.0148  0.5026 
 0.0146  0.7081  4.9222  0.0158  0.9123  0.0295  0.0063  0.0000  0.0010 11.4027 
 0.0000  0.0990  3.3710  0.0000  0.0000  0.1737  4.6337  1.6229  0.0977  0.0024 
 0.0001  0.0652  0.0000  4.9008  0.0000  3.3768  0.4617  0.0000  0.2066  0.1716 
 0.0000  0.0078  0.0028  0.0001  0.0585  0.1510 22.8870  0.0000  0.1951  0.5432 
 4.1148  0.0245  1.8743  0.3489  0.0010  5.9787  0.0000  0.0000  4.7946  0.0000 
 3.2154  0.0057  1.2114  0.2616  0.0899  1.1914  0.3955  0.0551  0.0000  0.0001 
 0.0048  6.6460  0.0002  0.7112  0.0001  0.1181  0.0000  0.0000  0.4390  0.0000 
 0.0000  5.7039  0.0474  0.0785  0.0573  0.6489  0.0000  0.0555  0.0774  0.0002 
 0.0000  4.0002  0.0021  0.0513  0.9455  0.0000  0.0000  0.8884  0.2053  0.0169 
 0.0555  0.0110  0.0008  0.4099  0.6193  0.3863  0.7620  8.3968  2.2672  0.0000 
 0.3784 12.1239  0.0180  0.0000  0.0021  0.5637  0.0000  0.0000  0.0011  1.1149 
 0.0002  0.1475  0.0000  0.0000  0.0009  0.0292  0.0000  0.0013  1.3039  4.9151 
 3.0740  0.0000  1.2322  0.0202  0.5415  0.0000  1.2831  0.0000  0.0052  0.1675 
 0.0591  0.0002  0.0058  0.2304  0.7249  1.4958  0.0000  0.1123  0.0000  0.4121 
 0.0000  0.0021  0.0038  0.2621  0.3148  1.8314  0.0004  0.0775  0.0007  0.0250 
 0.0064  0.2224  0.0377  0.0000  0.0000  0.0436  0.0507  0.0002  0.0010  0.0036 
 0.0000  0.0005  6.8619  3.9842  0.0000  0.4067  0.0160  0.0066  0.9131  8.0538 
 0.0000  1.6791  8.6903  2.2066  0.0000  0.0426  0.1483  0.0212  5.2216  0.0795 
 4.6853  3.8276  0.5373  0.0012  0.7411  3.6882  0.0803  0.5000  2.4590  0.0457 
 0.1557  0.0000  0.3584  1.0636  0.1522  0.0000  0.0049  0.0007  0.0000  0.0000 
 0.0033  0.3903  0.0009  0.6186  7.1803  1.4700  0.0000  1.2259  0.0042  0.2146 
 8.2708  0.0000  4.9100  2.8840  2.3333  0.0000  0.2057  0.4270  0.8389  0.0000 
 0.0245  0.1086  0.0000  0.0001  0.9536  0.0003  0.0009  0.4281  0.0045  0.0000 
 0.0001  4.0439  0.0001  0.0011  0.0003  1.6192  0.2079  0.0001  0.1039  0.0000 
 2.1443  0.1544  0.1111  0.0000  1.9785  0.0001  0.0000  0.1632  0.0000  0.0842 
 0.0001  0.0000  0.0000  0.0000  0.0058  0.0003  0.0000  0.0511  0.0222  0.4087 
 0.0058  1.9338  0.7610  0.0060  0.4201  0.0027  0.0004  0.0019  0.0000  0.8782 
 0.9864  0.0004  1.7576  4.9158  2.2372  0.0000  0.0303  0.3373  0.0002  0.0000 
 0.0000  0.0085  0.0051  0.0069  0.0003 16.7247  0.0019  9.5812  7.4970  4.6289 
 0.0037  0.5062  0.0080  0.6581  0.2810  0.4581  0.0000  0.0235  0.3946  0.0155 
 7.5120  0.0079  0.0000  3.4723  0.0023  0.9228  0.1109  0.4450  0.0001  1.5875 
 0.0064  3.1617  0.0000  0.0021  0.0000  2.0429  0.7476  0.0020  0.7909  0.0090 
 0.1150  0.1798  0.1894  0.4476  0.5152  1.7845  0.1779  5.9257  0.0394  0.0000 
 0.4051  0.0006  0.0069  0.3320  1.3814  8.2897  0.0056  0.2723  7.6310  0.0000 
 0.3079  0.0000  0.0031  4.6932  0.5279  0.0213  1.5379  0.0035  0.3019  0.7805 
 0.0000  0.0042  1.0782  0.2857  0.2452  0.7952  0.0000  3.8554  2.9130  3.0694 
 0.0047  0.0489  0.0004  0.0091  0.6547  0.1079  0.0002  0.6505  0.0005  0.2474 
 1.9716  1.7989  6.2912  2.1390  0.4505  0.0000  0.1971  0.2697  0.0455  0.0000 
 0.6524  0.0000  1.4781  0.0010  0.0508  0.1376  0.1157  0.7971  0.0026  0.0001 
 0.4166  0.0032  0.0002  0.0663  0.0002  0.4629  0.0000  0.0000  2.6146  3.6392 
 0.2017  0.0000  8.9971  0.3870  0.2717  0.1428  0.2580  0.0270  0.0000  0.0216 
 0.0011  0.0004  0.0663  0.0008  0.7997 11.0502  0.0789  0.0140  0.4641  0.0053 
 6.8719  0.0030  0.0395  0.0018  0.0085  0.4443  1.0373  2.7545  0.0000  0.1572 
 0.9871  0.9674  0.0004  0.5504  0.3611  2.6980  0.0001  0.0000  0.0000  0.1189 
 1.1638  0.0102  0.0000  0.0001  0.0162  0.0000  0.8279  0.4812  0.0478  0.0145 
 7.6237  0.0001  0.0106  0.0001  0.0240  2.9961  5.1529  0.4550  0.0002  0.0000 
 0.6259  4.1637  0.0002  4.9055  6.6672  7.3232  0.0000  0.0000  0.0000  0.0007 
10.1200  0.1867  0.1949  0.5580  0.0013  0.0091  0.7214  0.4110  0.0000  0.0015 
 0.2416  0.0006  0.0000  0.0002  0.0161  2.1756  0.4939  0.0676  0.4508  0.0000 
 0.0000  0.4502  2.8550  0.0958  0.0315  0.0001  1.0441  0.0177  0.0137  0.2995 
 0.0323  0.0020  0.1582  0.1520  0.2580  0.0003  0.0000  0.0000  0.1267  0.2265 
 0.0733  0.0002  0.3724  7.5562  0.0015  0.9824  0.0005  3.9031  0.0510  0.0000 
 0.0569  3.7333 11.3088  0.5074  0.0275  0.0182  0.0500  0.0000  6.2256  0.0039 
 4.6339  0.0719  5.9968  0.0000  0.2019  0.2380  0.0000  0.0000  0.0091  9.0831 
 0.1578  0.2001  0.0000  2.3990  0.3566  0.1120  0.0295  0.0007  0.0000  0.0160 
 0.0289  0.3227  0.3302  0.0352  0.0001  0.0114  0.0016  0.0000  0.0117  0.0406 
 0.4047  0.0002  4.4323  4.3782  0.0003  0.0000  0.0047 10.8051  0.4466  0.0000 
 0.0247  0.0033  0.9687  2.7588  0.4836  2.3171  0.2108  0.0877  0.0037  3.5064 
 0.0049  0.0811  1.1586  0.0095  0.0000  0.7662  4.1169  9.7645  0.0014  0.0229 
 0.0000  4.2462  0.0013  0.0002  0.0020  0.4865  0.1052  0.0000  2.1716  0.0001 
 0.6412  3.1655  0.0000  0.0138  1.6107  0.0000  0.3241  0.0006  0.1015  0.2468 
 0.0067  0.0004  0.0000 35.9001  5.4373  2.7240  0.0000  0.0224  0.0009  1.6923 
 0.2850  0.0000  0.0001  0.0021  0.0005  0.3068  0.1522  0.2026  0.0000  6.1287 
 5.5505  0.0452  0.0511  2.0610  0.0001  0.3316  0.0344  2.2049  1.9431  0.7601 
 0.0114  0.0000  0.1171  0.0107  4.1479  2.8968  7.2212  0.0002  0.0045  0.0026 
 0.0000  0.0008  2.0112  0.0127  8.3844  0.0633  0.3131  0.0000  0.7542  0.0000 
 0.0006  1.1396  0.2133  0.0078  1.6241  0.0302  0.9065  0.0089  0.0538  4.2586 
 4.0082  0.1331  0.0059  0.0066  0.0000  3.0516  0.8058  0.0002  0.0219  0.6587 
 0.4290  0.0000  0.0755  1.3674  2.9839  0.3138  0.7769  0.0505  2.2994  4.0271 
 0.0001  0.0876  0.0000  0.0070  0.0000  2.9686  0.0000  6.2689  0.1314  0.0029 
 0.0464  0.0001  7.1262  0.0000  0.0344  0.0000  0.0100  0.8707  0.0005  0.7375 
 0.2528  0.0300  0.1423  0.1794  2.4421  5.2603  0.0033  2.5918  5.7584  0.0002 
 0.0000  0.3468  0.0265  1.2307  0.0614  0.7939  0.0067  0.0003  0.0000  0.0005 
 0.0034  0.0890  0.0000  0.0000  0.4554  0.0000  0.0285  0.1674  0.0004  1.8050 
 0.0483  0.2090  0.0010  1.0579  3.0399  0.4079  0.1059  0.0000  0.0000  0.0992 
 0.0947  0.0000  0.9941  1.7596  0.2925  0.0141  3.2108  0.0000  1.3025  0.6004 
 0.0000  0.0049  0.0397  0.0001  0.0275  3.9631  0.0123  0.0012  0.0842  0.0014 
 3.0522  0.0053  0.1527  0.1061  0.0258  0.0434  2.6675  3.7500  0.1468  0.3094 
 0.0000  1.2783  0.6129  0.6264  0.1867  0.0256  0.0317  0.0675  0.8155  0.7983 
 1.5150  0.4069  0.0900  1.4575  1.1539  0.0003  0.0171  0.0228  0.6613  0.7361 
 0.0053  2.0493  0.0279  0.0000  0.0000  0.2859  0.0003  0.4006  0.3133  0.0031 
 0.0000  0.0094  0.0001  0.7594  0.0229  0.2968  0.6992  0.0000  0.0783  0.0214 
 2.2214  0.0087  0.0000  0.3556  1.1018  0.5688  0.0001  0.0000  0.0000  2.3746 
 0.0038  0.0000  0.0008  0.7960  0.0000  0.0007  3.8774  0.0000  3.1776  0.3902 
 0.0000  0.0000  2.4681  0.0003  0.2776  1.5485  0.5633  0.2735  1.1103  1.7188 
15.8118  0.1813  0.2239  0.0003  0.0000  1.1352  0.0041  0.9144  0.0001  0.1082 
 0.6267  0.2395  0.0004 10.5375  0.0000  0.0000  0.1683  0.0000  2.5967  0.0448 
 0.0000  0.0005  2.8028  0.6865  0.0000  0.2679  1.1908  0.0000  0.0014  0.3899 
 0.0000  0.0000  0.1696  0.0000  0.0000  0.1926  1.2044  0.0021  0.0000  0.1767 
 0.0000  0.0080  0.0122  0.0000  0.0000  0.0008  0.0064  0.0000  0.0007  0.0000 
 1.4593  3.0824  0.0480  7.6232  0.1109  1.1823  0.0085  1.2293  0.0006  0.0000 
 0.2327 10.7719  0.7328  7.4551  0.0031  0.3042  0.0000  0.2840  3.0199  3.3628 
 5.7983  3.7639  0.0000  0.1022  0.0181  0.0365  0.0001  0.5119  0.9371  1.8694 
 0.0975  0.0004  0.1566  0.0002  1.0949  0.0005  3.7498  0.0053  0.3727  0.0000 
 9.1486  2.8061  0.1400  0.0025  1.7410  0.7626 20.0469  0.0000 16.7648  0.0230 
 0.6110  0.0072  0.0001  0.0040  0.0000  1.1786  0.0001  0.0199  0.0021  0.7677 
 0.0210  1.7038  0.3948  0.1242  0.8012  0.0000  0.0017  0.0128  0.0040  0.3350 
 1.3132  0.0005  0.0000  0.0000  0.0000  0.2651  2.7057  1.3735  0.8836  2.2050 
 0.0049  1.2752  0.5127  0.0159  0.0556  0.0011  0.0000  0.0000  0.0001  0.1250 
 2.0136  0.0257  0.5808  1.1254  0.5290  0.5270  0.0000  0.1334  0.2810  0.0282 
 1.0319  0.0000  0.1292  0.2689  0.0010  0.0000  0.0000  0.0671  0.2584  0.0290 
 0.0020  0.0000  0.6361  1.6267  2.6319  0.7787  0.0375  0.0000  0.0018  3.5615 
 0.1601  0.0000  0.2364  0.0210  3.4479  2.3000  0.4314  5.1292  6.8400  0.1881 
 1.4895  0.0081  0.0062  3.6072  0.0012  0.0102  0.0002  0.2352  0.0188  0.0000 
 0.1707  0.0005  0.0137  0.0076  0.0009  0.2186  0.1200  0.2014  0.0000 11.9802 
 0.0064  0.0002  0.7216  2.7202  0.0000  0.0000  0.0475  0.2267  0.0005  0.0105 
 0.2488  0.4758  0.3510  0.0399  0.0000  0.0286  0.0000  0.0589  3.6103  0.3405 
 0.0000  0.0016  4.7676  0.0018  1.5689  0.0845 21.3729  1.2662  1.3471  0.0021 
 0.0001  0.0011  0.0000  0.0886  0.0371  0.0000  0.0000  0.0000  3.7222  0.1538 
 4.1410  0.9968  0.0000  0.0000  0.0092  0.0002  0.3012  0.3609  0.0175 23.8374 
 0.0030  0.0074  1.0369  0.0031  0.0043  0.0003  0.4198  3.0359  0.2622  0.8067 
 2.1592  1.3415  0.0000  0.2447  0.0625  0.1033  1.5549  3.8636  0.0189  0.0006 
 0.0000  0.0034  0.0080  0.1480  0.0692  0.0330  4.1518  0.0020  0.5227  0.0008 
 0.0000  0.0000  1.0172  0.7944  0.0000  1.6363  0.2438  0.0001  1.2575  0.0002 
 0.0223  0.0292  0.1062  0.0000  0.1416  0.0669  0.0000  0.1642  0.0006  0.9195 
 0.4794  0.4357  2.0997  0.0840  0.0017  0.0000  0.0008  0.0000  0.0000  0.0001 
 0.2521  0.2875  0.2172  0.0077 14.8509  0.0003  0.2713  0.0002  9.8961  0.0276 
 0.0002  0.0013  0.1197  0.0018  0.0000  1.2044  0.0000  0.9427  1.0011  0.0858 
 0.1834  0.0000  0.0000 38.3445  0.0119  0.0036  0.0001  0.0543  0.0000  0.0000 
 0.0184  0.1393  0.1089  0.0000  0.0004  0.0012  0.3939  0.0000  1.3095  0.3817 
 0.4674  0.0157  3.0937  0.0003  0.0007  2.0549 10.0458  0.0001  0.4577  0.0493 
 0.0000  0.0144  3.2590  6.7883  0.0001  0.3538  2.9978  0.0137  0.0006  2.3305 
 0.3729  0.0000  0.0000  0.0000  0.0004  0.0000  0.8373  0.1562  0.4286  1.7091 
 0.0000  4.8262  0.0000  0.2493  0.7521  0.0046  0.0000  0.0151  0.0039  0.0000 
 0.8806  0.0000 12.3189  0.0047  1.5922  0.3576  8.2419  6.7684  0.4358  0.0420 
 1.3109  5.5085  2.3073  0.0011  0.2340  0.0002  0.0104  3.3690  0.0049  0.0002 
 0.0099  1.7934  0.5624  3.5872  0.1995  0.0016  4.7981  0.0000  0.0000  0.0074 
 1.3582  0.0000  0.0462  3.0672  0.0246  3.7380  0.0000  1.6744  0.3910  0.0339 
 0.0339  0.4031  0.0000  0.0000  0.0903  0.0880  0.0138  0.0006  0.1189  0.0000 
 0.0000  0.1049  0.0289  0.0000  0.0071  0.0446  2.8933  9.6836  0.0470  0.9184 
 0.0026  5.2911  2.4102  0.0000  0.3603  0.0000  0.0022  0.0358  0.0000  6.5125 
 0.0001  1.8345  0.0052  0.8063  0.6378  0.0484  0.0000  0.0011  0.0077  0.8935 
 0.0015  8.3366  0.0037  0.0000  2.0432  0.0171  0.0010  0.0326  0.0061  0.0000 
 0.0617  0.0069  0.0348 15.0555  0.0008  0.0000  0.0044  0.0000  0.5217  0.0101 
 0.0001  0.1537  1.5110  0.0004  0.0065  0.8987  0.1838  0.0003  0.0000  0.0020 
 0.0002  2.1799  0.0015  0.0000  0.0066  0.0043  0.0000  0.0234  0.0000  0.8806 
 0.1728  0.0000  0.0000 13.7566  0.0005  0.0027  0.0650  0.7775  0.0090  0.0196 
 0.0000  0.0000  0.0351  0.0072  0.9383  0.5241  0.0000  0.0000  0.0000  9.4043 
 0.0004  1.7581  0.0000  0.0954  0.6593  0.5110  0.0000  8.8880  0.0036  0.0000 
 0.2369  2.3097  0.0725  0.0093  0.0006  0.3437  0.0030  0.0041  4.8997 11.9440 
 0.0251  0.0060  2.3599  0.0000  0.0000  0.0887  7.2616  0.1829  0.0094  1.9994 
 0.0000  0.4803  0.1556  7.5090  0.0035  0.1438  0.0397  0.1629  1.6963  0.0000 
 0.0017  0.0170  1.1731  3.9120  1.0558  2.1968  4.4021  0.1329  0.0000  0.2406 
 0.7452  0.0001  0.0000 11.5185  0.0362  0.6313  0.0000  0.0001  0.0001  4.1575 
 0.0001  2.0751  0.0111  0.6591  0.3497  0.0122  0.0000  0.2376  0.0026  0.0006 
 0.5205  8.8216  0.0419  2.4868  0.0487  0.0582  0.0000  0.0435  7.5050  0.0215 
 0.4711  0.0052  0.0052  2.1616  0.0000  0.0000  0.6732  0.2062  0.0009  0.0079 
 5.5893  0.0001  0.0202 13.7011  3.3498  0.0000  0.5833  0.7690  0.7766  0.2227 
 0.0457  0.0093  0.0000  3.7557  0.0088  0.0035  0.0006  0.0015  0.0000  0.0000 
 0.0058  0.0504  0.0037  0.0004  5.9634 13.9030  1.6891  0.4146  0.3152  0.5147 
 0.0023  0.3023  0.0933  0.0444  2.3534  3.4303  0.0000  1.6992  4.4292  0.0941 
