
Rates for sites

[replicate 1]
 0.9267  6.5341  1.2358  1.0634  0.4767  7.0208  0.4179  0.0000  0.0000  0.2173 
 0.0000  2.3620  0.0285  0.0050  0.0031  0.4576 21.4594  0.5814  0.0614  0.3621 
 0.0019  0.0007  1.2592  0.0010  0.2430  0.0082  0.0006  0.0000  0.0002  0.0000 
 0.0000  0.0000  0.0026  0.0089  0.0008 12.0350  1.6224  0.0307  0.7095  0.0029 
 0.0057  0.0323  0.0327  0.0000  0.0016  0.0118  0.0370  0.0000  0.0204  0.0000 
 0.0000  0.6543  4.3664  0.2123  0.0005  0.0000  0.7433  0.3386  0.0006  0.3228 
 0.0000  5.7609  0.5918  0.0000  0.3194  0.0030  0.0000  0.0206  0.0450  0.0005 
 0.0237  0.1003  0.0033  0.0062  4.5922  0.0026  0.0001  0.1373  0.0093  0.2071 
 0.0000  3.3386  0.0080  0.6494  0.0042  6.5870  0.0000  0.0605  2.5479  7.4750 
 0.0000 17.8917  0.0077  0.0529  0.0627  8.1067  0.3811  0.0209  0.0000  0.0001 
 0.3918  0.0003  0.7962  1.1937  0.9832  0.0024  0.2483  0.0384  0.0000  0.3317 
 0.0347  0.0000  0.0739  0.3658  0.0001  0.0008  0.0000  0.0000  0.0000  0.0018 
 0.0922  1.2972  2.4158  0.0020  1.4305  1.5435  0.1165  0.0000 10.0661  0.0130 
 0.1021  6.0567  0.0366  0.0000  0.0006  2.8281  0.0131  0.0000  0.3097  0.0000 
 0.0007  1.0697  0.0001  0.1458  0.0010  0.1875  0.0007  0.3421  2.8578  4.2190 
 0.0003  1.1788  0.3073  0.0049  0.0000  0.0000  0.0603  3.1493  0.0229  0.0238 
 0.0000  0.0003  0.0006  0.0002  0.0922  0.0005  0.0000  0.0170  0.0028  1.9667 
 0.2979  0.0037  0.4661  0.0007  0.0000  0.0019  0.0003  0.0000  0.8738  0.0000 
 0.0303  0.0000  0.6984  0.0000  0.0000  1.7669  9.8929  1.4502  0.0180  0.1579 
 0.1666  0.0001  0.8529  0.0000  0.0208  4.5000  0.0000  0.4229  2.0285  5.3699 
 2.4435  0.1341  0.2769  1.9731  0.0003  2.6886  0.0040  7.5048  7.9431  1.2083 
 0.0018  0.1463  0.0066  5.9610  0.0617  0.0000  0.0006  0.6042  0.0104  0.0000 
 0.0017  9.5118  0.0003  0.2720  0.0001  0.0014  0.0607  0.1275  1.7950  0.0004 
 0.0000  0.9463  4.4419  0.0000  0.4717  1.3942  1.6529  0.2641  0.1505  0.0023 
 0.6617  0.0002  0.2840  0.0000  0.2047  1.9603  1.1103  3.6691  0.0013  0.0000 
 2.9278  0.0057  0.0110  0.1058  1.8343  6.7771  1.2634  0.1768  0.0319  0.0000 
 5.0904  0.0101  2.4093  3.7581  0.0354  0.3351  0.0000  0.0000  0.0945  0.2846 
 0.0036  0.0032  0.0268  0.0088  0.3414  5.7507  3.2150  0.0000  0.8632  0.1976 
 1.0917  0.7169  0.0000  0.0020  0.0000  3.3609  0.0012  2.7990  0.0002  1.5925 
 0.0000  1.1797  0.0000  0.0000  2.3181  0.0194  0.0052  0.5446  0.1111  0.1130 
 0.1448  0.0000  0.0007  0.0002  0.2043  0.1113  6.1066  2.2429  0.0000  0.5385 
 0.0000  0.0000  0.0007  0.0020  0.0000  0.3428  0.3318  0.0004  0.4025  0.0091 
 0.0001  1.1323  0.7482  0.0034  0.0054  1.9894  0.0222  8.2828  0.0003  0.3113 
 0.0202  0.3024  1.8606  0.8887  0.0000  0.0222  1.2397  0.0486  0.9699  0.0001 
 0.0770  0.0000  0.0878  0.0032  0.0019  1.9721  0.0427  0.0000  0.2911  0.3033 
 0.0000  2.7709  0.0268  0.0308  3.0883  0.0414  0.0858  0.0000  0.0000  1.1872 
 0.0000  0.0998  0.0000  0.0114  0.0134  0.0000  3.8107  0.0000  0.0186  7.6674 
 6.2745  0.0000  1.7162  0.0000  0.0001  9.8343  0.0005  0.0127  0.0000  0.0059 
 0.0021  0.1655  0.0000  3.4679  0.0000 10.4289  0.0322  0.0000  0.4979  0.0769 
 0.1425  3.5959  0.0000  0.0174  0.0351  0.6627  2.1356  0.0889  0.0004  0.6844 
 0.0079 14.4645  0.0000  0.0001  0.0031  2.3107  0.1518  0.2784  0.2163  1.8401 
 3.3506  0.0002  0.4158  1.3773  0.0000  0.1046  2.2907  0.2670  1.3756  0.3308 
 1.6892  0.1598  0.0000  0.0060  0.0001  0.0000  0.0000  0.0352  0.0045  0.0000 
 0.0000  0.0000  0.2013  0.0523  0.4456  0.0444  0.0000  0.0011  0.0001  2.1432 
 0.0259  2.0484  0.0000  0.0462  0.0000  0.0001  0.0483  0.0017  0.0000  0.0082 
 0.0015  0.8231  1.1213  0.0000  0.9219  8.2433  3.0746 10.3790  0.0000  4.1899 
 1.3904  0.0119  0.0004  0.2073  9.6489  0.0000  0.1119  0.0002  0.1530  0.1636 
 0.9962  0.0424  0.0000  0.0000  0.8287  0.0143  0.0036  0.0000  0.0000  2.6950 
 0.0377  7.2469  0.0000  1.9896  0.0002  0.0000  0.0002  0.0680  0.5297  0.0010 
 0.0000  0.0000  0.8622  0.0063  0.0010  0.0550  0.0000  0.0014  0.0084  5.8055 
 8.8817  0.3516  0.2374  0.0022  0.6844  0.0000  0.0086  0.0000 11.5928  0.8476 
 0.0002 12.7078  0.0197  0.0052  0.0318  0.0000  0.0000  0.2027  0.0394  0.5685 
 0.0000  0.0428  6.5154  3.9857  7.7637  0.0003  1.5188  0.0000  0.0015  0.0210 
 0.4078  0.0006  0.0007  0.3385  1.2638  0.0001  3.3912  0.0228  0.0119  0.1885 
 0.1644  0.2607  0.2147  4.0118  0.6575  0.1222  0.1966  0.8390  4.4665  0.5977 
 0.0029  3.6738  0.0000 11.0314  1.9093  1.1500  0.0955  0.0820  0.2397  0.0000 
 0.3338  0.0003  0.0335  0.0001  2.2562  0.0000  0.1163  8.8183  0.0037  0.0000 
 0.2286  0.0000  6.3616  0.0039  0.0000  0.0007  0.1984  0.0610  0.0755  0.0736 
 0.9876  0.2714  0.0000  0.0010  0.0000  0.0000  0.0006  0.0000  0.8128  0.0543 
 0.7163  1.3350  0.1033  0.0000  0.0013  2.0554  0.0424  0.3522  1.7997  0.0015 
 0.0518  0.0000  3.3468  1.6154  0.0000  0.0000  0.1140  0.0000  0.0013  3.5179 
 0.0049  1.6626  3.2494  0.0139  7.1979  0.0000  0.2781  2.8283  0.0000  0.0000 
 0.0000  0.0433  2.5596  0.2150  0.0066  0.6702  0.7855  0.0000  1.1989  0.0010 
 0.1550  0.6260  2.2715  0.0083  2.5171  3.7559  0.0977  0.1549  0.4691  0.1296 
 0.6180  0.2853  0.1357  0.0023  4.3249  0.0013  0.0003  0.0101  0.0142  0.0000 
 0.2600  0.0006  0.9098  0.0002  4.8655  0.0000  0.0001  0.0117  1.0785  0.1306 
 0.8237  0.6307  0.0068  1.4250  6.2491  0.0125  0.0012  2.2672  0.0010  0.0703 
 4.0871  0.0000  0.0619  0.4260  0.0014  0.0005  6.7086  0.0003  9.6117  3.0666 
 2.0844  1.4440  0.0070  0.4878  0.0087  0.1431  0.9439  3.1536  0.1634  0.0001 
 7.7672  0.0004  0.3413  0.1241  0.0514  0.0000  0.0002  0.2372  0.0001  0.0000 
 0.5555  0.0035  0.0054  0.0070  0.0182  2.5639  3.4802  0.0793  0.0193  0.0000 
 0.0292  0.0003  0.0000  1.5084  0.0000  0.1311  1.1048  0.1189  3.5370  0.0358 
 0.6540  0.0247  0.0149  0.0018  0.0010  4.3256  0.0007  0.0000  0.1010  0.0001 
 0.0000  0.0071  2.4363  0.0519  7.6682  0.5616  4.7689  0.0005  0.0389  1.5684 
 0.8405  0.0015  1.1213  0.0354  0.0251  1.0774  0.0000  0.0710  0.1254  8.6952 
 0.0423  0.0000  0.0000 11.8657  0.1591  0.0000 10.0121  0.0092  0.7351  0.0212 
 0.3342  0.0049  0.0006  0.0000  0.1257  0.2472  0.0344  0.0001  1.2658  0.0011 
 0.0001  0.7906  0.0774  0.0021  0.0387  3.7792  0.0016  0.0001  0.0071  0.0000 
 0.1439  7.3330  1.5674  0.0000  0.0000  0.2767  1.5918  0.1551  3.6385  0.0002 
 0.0007  0.4019  0.8234  0.1774  0.0000  0.0003  1.1919  0.0153  1.5456  0.0597 
 0.4759  0.0186  0.0512  1.8326  0.9866  3.0385  1.4126  0.0138  0.0000  0.0436 
 0.0000  0.0448  0.0053  0.0007  0.0000  0.1400  0.0001  0.1251  0.3298  0.0533 
 0.0004  0.0000  4.4639  0.4428  2.9314  9.4286  0.0512  3.6795  0.1501  1.2985 
 0.0019  2.7955  3.3678  0.1682  0.1242  1.2264  0.0071 12.8222  0.7640  0.0001 
 3.8959  3.7795  0.0000  0.7309  0.1495  0.0000  0.7849  0.0545  0.0000  0.0265 
 2.9051  0.0000  1.1528  0.0001  0.0000  0.0001  0.6633  0.0133  0.0199  0.0010 
 0.3039  0.0186  6.3268  0.0000  0.0609  0.0000  1.5828  1.6574  0.0003  3.5926 
 0.0125  1.7481  0.1323  4.4378  0.1347 11.5381  0.0187  0.0076  0.0000  0.2607 
 0.0136  0.0840  0.0503  0.0001  0.0714  0.0004  0.0001  0.0005  0.0613  1.9370 
 0.0001  0.0000  7.5437  2.3506  0.0251  0.0001  0.0017  0.3798  2.0613  1.3642 
 1.9673  0.0000  0.3610  0.0715  0.1439  0.1695  0.0011  0.0113  0.6737  0.0010 
 0.0001  0.4573  6.0790  0.0000  0.5138  2.3316  2.7206  0.0025  1.8908  3.6190 
 0.0001  0.0228  0.0004  0.0016  5.0406  0.0210  0.0985  2.5633  0.1749  0.0568 
 0.0008  0.0620  0.0060  1.3831 13.5528  0.7165  0.2181  0.0669  2.5210  0.0004 
 0.1875  2.0203  0.0000  0.0327  0.6332  0.0039  0.0000  0.0000  0.0045  3.0144 
 0.0950  1.3174  0.0041  0.0067  2.0249  3.7363  0.2395  0.0001  1.7536  0.0493 
 5.6629  0.0782  0.0000  1.6696  0.0174  0.0000  0.0328  0.0000  0.0703  1.6498 
 5.9887  1.1842  0.0000  0.0006  0.0001  0.0000  0.3632  0.1088  0.4802  0.0058 
 0.2826  0.0000  0.0000  0.0162  0.1983  0.0023 17.9270  0.0005  0.0202  1.0361 
 0.8291  0.0000  0.0044  0.0034  0.0121  0.4492  1.6396  0.0877  0.0709 14.5408 
 0.0000  0.1477 17.6123  0.0000  0.0000  0.0005 13.4271  0.0000  0.9638  6.4314 
 3.1390  0.2497  0.0000  2.3145  0.1268  0.5822  0.0398  0.1351  1.8154  0.0566 
 0.0350  0.0086  0.0007  0.0007  0.0877  0.0001  0.5489  0.0000  0.0000  0.0011 
 0.4691  0.0513  0.0312  0.0280  2.7061  0.0000  0.0392  0.2483  0.0000  0.0001 
 0.0142  0.0001  0.0227  0.0000  3.5782  1.7440  0.0000  0.5603  0.6917  0.0152 
 0.0079  0.0008  0.2844  0.0647  2.8370  0.0001  0.8058  0.0000  2.1279  0.0001 
 0.0001  0.6984  0.0159  0.9302  1.1229  0.4194  0.0087  0.0258  0.0189  0.0000 
 0.0049  0.1746  0.0000  0.0004  0.0002  9.5169  0.0000  0.0046  0.0000  5.3962 
 0.0983  0.1420  0.0000  1.5404  0.0286  2.5520  0.0000  0.0049  3.1379  0.0000 
 0.1190  0.0000  0.0000  0.0522  0.0694  0.0000  0.0018  1.5139  1.2807  0.0002 
 0.0000  1.4117 22.9199  0.0322  1.0925  0.0519  0.0462  0.0000  0.0000  0.2849 
 1.4038  0.0000  0.0000  2.5315  3.5597  0.2779  0.0000  3.3388 11.4560  1.7514 
 1.2088  0.0000  0.0000  8.5950  2.3670  0.0644  0.8610  4.5626  0.0017  0.1486 
 0.0152  2.0421  0.0046  0.0001  0.0000  0.1409  6.9205  0.6442  0.9318  0.0003 
 0.8360  0.0027  0.0000  2.9530  0.0013  0.5028  1.7818  0.4800  0.0000  0.0649 
 0.0003  4.1086  4.0858  1.5826  1.5902  0.0044  0.0777  0.9200  0.0000  0.6114 
 0.8123  0.0003  3.1451  0.2466  0.0000  1.4503  0.0016  0.0000  3.9103  2.6978 
 0.4387  0.0639  0.1060  0.0186  4.3513  0.0000  0.0009  0.0002  9.4643  0.0016 
 3.3376  0.8432  0.0000  0.0036  0.0044  0.1192  0.1575  0.8718  0.0002  0.0097 
 1.3562  0.0020 14.9336  0.0003  2.7724  0.0001  2.6700  0.0027  0.0041  0.0253 
 0.1743  0.0014  0.0001  0.0147  1.4415  0.0482  0.4129  3.4143  0.1321  1.9411 
 0.1141  3.2822  2.4940  0.0001  0.0780  5.8087  0.0000  0.0001  0.0000  2.9369 
 0.1038  0.0007  0.1756  0.0000  4.3191  0.0000  0.0000  0.7975  0.0339  0.0000 
 0.2353  0.2738  0.4049  0.0002  0.0015  1.2048  3.2031  0.0607  0.2530  0.0074 
 2.1507  0.0000  0.1141  0.0000  0.0339  2.0208  0.0008  0.0000  0.0046  0.0000 
 1.2909  0.0081  0.1296  0.0059  0.0000  0.1038  0.1020  0.0000  0.0076  0.1766 
 0.2215  0.0000  0.0000  0.3821  0.0249  0.0416  0.0007  0.0000  0.0227  0.5502 
 0.0000  0.0198  0.0000  0.0000  0.0005 11.6883  1.9019  0.2219  1.7179  4.9344 
 0.0154  0.3018  0.0423  0.9876  4.8327  0.0000  1.5747  0.0007  0.0000  0.0664 
 0.0001  5.2991  0.5172  0.7542  0.0147  0.3071  0.0098  1.9089  0.7370  0.0007 
 0.0006  0.2420  0.0347  0.7949  0.0420  0.0001  0.0657  0.0047  0.8661  0.2492 
 0.0000  0.0000  0.3745  0.6328  0.1386  0.0033  0.2137  5.2542  0.0533  0.0000 
 0.5689  5.2025  0.0034  3.8022  0.0000  0.1722  2.4703  0.7172  0.0139  0.0680 
15.0712  0.0310  0.0077  0.9015  0.0000  0.1365  0.0003  0.0734  0.0063  0.0002 
 0.3323  0.0692  0.0645  2.7569  0.0009  0.0024  0.0000  1.9563  0.1318  0.1375 
 0.0003  0.0000  0.0001  1.0918  1.3509  0.0966  0.4040 11.0374  0.1259  2.2480 
 0.0004  0.5711  0.0003  0.0136  0.1526  0.0000  0.6571  0.0176  0.6665  0.8582 
 0.0008  0.0000  0.0015  0.0000  0.1654  0.0360  6.2832  0.0511  0.4052  0.0027 
 0.0229  0.0000  0.0000  0.0006  0.2719  0.0602  0.3915  0.9017  0.0078  0.0025 
 0.0330  0.0204  0.0296  0.0000  0.2288  0.0091  0.0025  0.3473  0.0001  0.0232 
 0.0006  0.0351  1.4730  0.0317 10.8580  0.2260  3.8898  0.0000  0.0613  0.0427 
 0.0000  0.0529 14.9732  0.0488  7.3279  0.2737  0.0010  1.1408  0.0085  0.0615 
 0.0516  0.2723  0.0000  0.0008  0.2391  0.0010  3.3040  0.0000  0.0459  0.2777 
 0.0067  0.7744  0.0130  0.0051  0.7960  2.8574  0.0001  0.0055  8.1501  0.0223 
 0.0005  0.0003  0.2570  0.0005  0.0253  0.0943  4.0193  0.0001  4.5517  0.0000 
 0.0038  0.2600  0.0039  0.0051  0.0017  0.0014  0.1758  0.0004  3.7940  0.0810 
 0.0124  0.0828  5.4297  0.0003  0.0118  9.7881  0.0383  0.0277  2.4448  0.0004 
 0.0137  0.6467  0.0000  0.0939  0.0168  0.0002  5.9781  0.0079  0.0007  0.0013 
 0.0558  0.0000  0.1040  0.0000  0.0000  0.7010  0.4471  0.0000  0.0957  0.0500 
 0.0020  4.7622  0.0002  1.0134  0.1304  1.5453  0.1689  0.1425  0.1137  0.0532 
 0.0573  0.0011  0.1001  0.4953  0.7652  0.1768  0.0003  0.0018  1.8616  0.0003 
 0.1198  1.4079  1.7647 18.1547  0.6692  0.0014  0.0000  0.0130  1.3649  0.0005 
 3.2599  0.0628  2.7715  0.0001  0.2750  0.0433  0.0000  0.0181  0.0059  0.0154 
 0.0219  0.1941  0.0153  0.2192  0.0006  0.0000  2.6470  0.0355  2.0650  0.0000 
 0.0642  0.2541  0.0692  3.4775  0.0037  4.1698  5.8797  0.0043  3.9858  0.0000 
