
Rates for sites

[replicate 1]
 0.0256  3.0727  0.0045  0.0017  0.0053  0.5709  0.0885  0.1293  0.0146  0.1538 
 0.0000  0.8327  0.3803  0.7557  7.5678  2.0671  0.2195  0.0000  0.0000  4.2737 
 0.2496  0.2851  0.0151  0.0384  0.0008  0.0000  1.2900  0.1166  0.8611  0.0000 
 0.0077  0.0489  0.9954  0.0033  0.0094  0.0001  0.0000  5.5023  0.0010  0.0914 
 0.4237  0.0055  0.0003  0.0017  0.1443  0.0000  0.0362  0.0000  0.0947  0.0000 
 4.0738  0.1708  0.0164  0.0443  3.9504  0.0000  0.3479  8.4125  1.6537  1.5816 
 5.2428  6.0161  0.2338  0.0000  0.0000  0.0000  0.0071  0.0006  1.1869  0.0023 
 2.7496  0.9242  0.0016  3.9669  0.0000  0.9283  0.0008  0.0337  0.0007  0.0661 
 0.4313  0.7472  0.0009  0.0000  0.0001  0.1103  0.3176  0.4541  0.0097  0.0000 
 0.7132  0.0003  0.5498  0.0001  0.0559  0.0709  0.5641  0.0000  0.4488  4.2111 
 0.0561  0.0058  0.0164  0.0000  0.0342  3.1945  0.0002  0.1468  0.0004  2.2155 
 0.7416  2.1585  0.0013  0.0000  0.0000  0.0864  0.0003  0.0000  2.2731  3.1626 
 0.1849  0.0000  0.2668  0.0000  0.6712  0.0000  0.0729  0.0002  1.2893  0.0000 
 0.0004  0.0418  0.0032  0.0225  0.0008  0.3535  0.2335  0.0021  0.0002  0.0000 
 0.0003 10.1688  0.7554 17.3079  0.0259  0.0000  2.0815  0.1924  0.0266  0.1155 
 0.2875  0.0007  0.0561  0.0001  0.7285  0.0000  2.0695  0.0254  6.6290  0.0641 
 0.1545  0.1890  0.0004  1.1824  0.0979  4.6235  0.0000  0.2446  2.7502  0.8521 
 0.0000  1.6835  0.0000  0.0000  2.0161  0.1707  0.0061  0.0000  0.0000  0.2385 
 0.2073  1.6168  0.0012  0.0004  1.3210  0.4502  0.0428  0.0057  0.1206  3.9576 
 0.0014  0.0000  0.0821  0.2801  1.7467  0.0000  1.5843  0.0000  0.0000  0.0079 
 8.3790  0.0116  0.0116  2.3155  0.0000  0.0000  0.1208  0.0028  0.0020  5.6417 
 1.0230  0.0732  0.4210  3.6478  2.6229  0.2181 10.0302  0.0002 22.0806  0.0000 
 0.2450  0.0178  0.0000  0.0000  0.0549  1.7614  0.4047  1.9044  0.0844  0.0075 
10.1120  0.0017  0.9764  1.8952  0.3462  0.3402  5.5377  2.0715  0.0000  0.0229 
 0.0006  0.6175  0.1003  0.0009  0.3970  0.0128  0.0441  0.0564  0.0118  0.0025 
 0.0001  0.0786  0.0158  0.0000  5.3110  3.2592  1.8880  0.1241  0.0003  4.3295 
 3.6532  0.8537  0.0177  0.0309  0.0065  0.2015  0.0000  0.0001  0.0000  0.3119 
 0.0000  0.7107  0.4614  0.0023  8.8332  0.4753  0.0507  0.4493  0.0271  0.6817 
 0.2163  0.0066  0.0000  0.0005  0.0000  0.0001  7.7921  0.0000  5.0698  0.0002 
 0.0000  0.0261  0.3537  0.6027  0.2649  0.0000  4.9253  2.0935  0.0528  0.0000 
 0.0001  0.0028  0.4615  0.0895  1.2703  0.0237  0.0688  0.0001  0.0000  0.7385 
 0.0022  1.5852  0.0075  0.0000  0.0225  0.4838  0.0305  0.0257  0.0000  0.0002 
 0.0165  0.0002  0.0066  0.3192  3.0609  1.9891  0.4138  1.5143  0.0025  0.0752 
 2.4960  0.0100  0.0006  0.0801  0.0009  0.0000  0.4288  2.6395  2.1006  0.0000 
 0.0092  0.6234  1.0651  1.3088  0.0604  0.0000  0.0252  0.0119  0.0005  0.0877 
 0.5958  0.0753  5.1545  0.0004  0.8938  0.0082  0.1435  0.0000  0.0000  0.0002 
 0.0023  0.0000  0.0000  0.0021  0.0067  0.0000  0.0000  1.2063  0.0416  0.0029 
 0.2216  0.0018  0.0267  0.0000  0.2908  4.5325  0.0010  0.0022 20.4305  2.9293 
 0.3387  0.0039  0.0042  0.0000  0.0016  0.4217  0.0334  0.0039  0.0003  1.2480 
 0.0682  0.0169  0.0042  0.0517  0.0021  0.0000  0.4914  0.0004  0.0000  0.2609 
 3.2630  0.0014  0.0000  0.2107  0.0001  0.0000  0.0010  0.0012  0.0000  0.0232 
 0.0536  1.1152  1.3506  0.0159  0.4580  0.0051  0.0008  0.3918  0.2636  0.1326 
 0.0899  3.3903  0.7437  0.0224  0.5844  0.0733  0.0001  0.5841  3.8882  0.0902 
 0.0001  4.4356  0.0036  6.2814  0.0049  0.0166  0.0009  0.0131  0.0065  0.0066 
 0.2156  2.9333  0.0000  6.7291  0.0590  2.2038  0.0042  0.0066  0.9004  0.8069 
 0.0001  0.7934  5.2200  0.0088  0.0023  0.3372  2.0720  0.5050  0.0079 11.2435 
 0.1490  0.0004  1.5082  0.5701  0.0612  0.0163  0.0000  0.0031  0.0644  0.0771 
 0.0000  0.0000  0.8206  7.8788  4.7814  0.0049  0.0000  3.2735  5.4784  0.3697 
 0.0053  0.0000  2.5917  2.6176  0.2248  0.7812  0.0000  1.3046  0.0000  0.0001 
 0.1308  0.0634  0.0000  0.2584  0.0000  0.0537  0.0230  1.8117  0.2819  0.2555 
 1.1457  0.1670  8.4573  0.0100  0.0442  0.0011  0.0004  0.3330  0.1447  0.1067 
 0.0513  0.0000  0.0285  0.0073  0.0001  0.0003  0.0943  0.0000  0.3701  0.0033 
 0.0141  0.0072  3.3945  0.0018  6.5661  1.1104  0.0337  0.0012  2.7689  0.0073 
 1.8347  0.0000  4.0080  0.0018  0.7330  0.0068  2.9238  0.0000  0.0000  0.0225 
 0.0021 12.8729  1.5926  0.0000  0.0000  0.0007  0.0000  0.0008  0.0055  0.3249 
 0.0000  0.0013  0.0001  0.0000  0.3648  0.0158  0.0012  0.2704  0.5813  0.0030 
 1.0810  0.0060  0.0045  0.0009  2.4942  0.0000  1.3712  0.0000  0.2487  0.5399 
 3.7867  1.2226  5.1285  1.1504  2.6822  0.8271  0.0001  1.1997  0.2574  0.1297 
 0.0064  0.0000  0.0000  6.8053  0.0046  0.0001  0.0000  0.1528  0.0356  0.0035 
 0.4370  0.0000  0.1404  1.3173  0.1949  0.0948  0.0000  0.0000  0.0001  0.0346 
 0.0000  3.3606  0.0363  0.0019  0.0012  0.0000  0.0000  0.0001  0.0008  0.0723 
 0.1643  0.1820 10.9733  0.1982  0.0000  0.0000  0.0000  0.0041  0.0000  0.0000 
 0.0000  1.3206  0.2159  0.0041  0.5870  0.3059  0.0010  0.0000  0.0000  0.0559 
 0.0000  0.0452  0.0003  0.0022  0.0803  0.0001  1.0878  3.2707 12.2220  0.8233 
 0.0284  0.0256  0.0000  0.0276  0.0000  0.0000  0.0015  0.2668  0.8917  0.0044 
 0.0001  0.0000  0.0264  5.7196  1.2714  3.7382  0.0132  4.2427  0.0055  0.0000 
 0.0016  0.0001  1.4166  0.0560  0.0316  1.8221  0.0000  0.0114  0.0304  0.0000 
 0.0610  0.0259  0.0001  1.3419  0.0092  0.0096  0.0000  0.8224  0.0000  0.0270 
 1.4967  0.0001  0.0000  0.8228  0.0000  0.1182  0.1616  0.0246  0.0099  0.0446 
 0.0001  0.0000  0.0094  0.2110  0.1423  0.1467 12.3000  0.4503  0.2041  0.0001 
 0.0018  0.2263  8.7884  0.0000  6.6056  0.9792  0.0001  0.0373  0.5159  0.0000 
 0.0367  0.0000  0.0015  5.3280 12.0458  0.0025  0.0155  0.0000  0.3172  0.6923 
 0.5808  0.0003  0.0217  0.0389  0.3470  2.6848  0.1977  5.5621  2.7754  0.0000 
 0.1515  0.2620  0.0000  0.4696  0.0369  0.0000  0.0064  0.1282  0.0080  0.1504 
 1.1827  0.2614  1.5470  0.0969  3.6798  0.0950  0.8136  0.1400  0.0000  0.0427 
 0.0477  0.0000  0.0115  0.0000  0.7504  0.0000  0.0002  1.1146  0.0000  0.0031 
 0.4789  0.0563  0.0573  0.0480  0.0001  0.0000  0.0505  3.4022  0.0009  2.5145 
 0.9129  0.1845  0.0008  0.8867  1.3676  0.0000  0.0004  0.0033  0.2022  0.3147 
 0.0457  2.3805  0.0000  0.0000  0.0000  0.0633  0.0777  0.0027  0.0787  2.6964 
 0.0425  0.2763  0.0002  0.0000  0.0000  0.0000  0.2361  0.6713  0.0000  0.0000 
 0.0000  0.1949  0.0001  0.0285  4.9421  0.0000  0.0000  0.0045  0.1638  0.0000 
 0.2546  2.7052  1.1427  9.2894  0.0015  0.0000  0.8929  0.0002  0.0000  0.0000 
 0.0000  2.1154  1.4495  0.0000  0.0108  0.1210  0.2880  0.0000  0.0153  0.0013 
 0.0000  0.0550  0.4203  0.6176  0.0003  1.1587  0.0012  5.2376  0.0000  0.0006 
 0.0003  0.0905  0.0316  1.5020  0.0010  0.2674  0.1335  0.0017  0.9113  0.5987 
 0.1883  2.0229  0.0834  0.0002  0.0022  0.0001  0.0003  0.6530  0.1196  2.7614 
 0.0769  0.0000  0.8043  0.0001  0.0591  0.0533  0.2825  0.0000  0.5232  0.5480 
 0.0227  0.0000  0.0000  1.1884  6.4981  0.4828  1.9072  0.0685  1.4143  0.6152 
 0.1585  2.5815  0.0008  0.0000  0.0174  1.5155  3.1746  0.0630  0.1001  3.5584 
 0.0000  0.9518  0.0093  0.1634  0.6425  0.1748  0.0000  0.0184  0.4664  0.0000 
 4.4731  0.0001  0.0000  0.2547 10.4903  0.0080  0.0002  1.3090  0.0013  0.7429 
 1.4235  0.3943  0.0002 18.4343  0.0000  0.0090  0.0004  0.0194 13.2470  0.0003 
 0.0043  2.0223  0.0088  0.0000  0.0000  0.0166  0.1239  0.0005  0.0312 16.3982 
 0.3146  1.9941  0.4627 13.2217  0.0000 10.6325  0.1859  0.1460  3.8849  1.0495 
 0.0011  0.1993  0.0002  0.0268  0.0000  4.3533  0.0001  0.0000  0.0016  0.0017 
 1.6487  0.1173  0.0000  2.0542  0.0000  0.0000  0.0000  0.0767  1.2913  0.0009 
 0.0003  0.0055  1.0434  0.0001  0.5365  0.0019  0.0002  0.0000  0.0018  0.0002 
 0.9889  4.4285  0.0121  0.0000  0.0004  0.0008  0.0000  0.0000  0.0000  0.0149 
 0.0000  0.1761  0.0000  0.1783  0.1045  0.0000  0.0110  0.0000  0.2642  0.9044 
 0.0017  0.6528  0.0355  0.0000  0.0000  0.0058  0.0233  0.0004  1.6313  0.0006 
 7.4732  0.0000  0.0332  0.0117  0.9421  0.7540  0.8024  0.0021  4.7481  0.3507 
 0.0222  0.0060  0.0009  0.0001  0.1052  0.3686  0.0156  0.0000  0.0433  0.6594 
 0.2223  0.0001  0.0000  0.9146 10.3306  0.5576  3.8192  0.0000  3.4842  0.0000 
 0.6257  0.0055  0.4075  0.0000  0.0151  0.0158  0.0000  0.0496  0.1142  0.0001 
 0.5843  1.1252  0.0155  0.0004  0.0013  0.0514  0.0003  0.7389  0.4437  0.0002 
 0.6277  0.0000  0.0000  0.0094  0.2778  2.4256  0.0000 14.6567  0.0000  0.0000 
 0.0110  0.0036  4.6592  1.1000  0.5344  2.9082  0.0150  0.3208  2.6175  0.0048 
 0.0025  3.1184  0.2880  5.2645  2.5085  0.4180  0.0000  0.4656  0.0126  6.8410 
 0.3963  0.0112  0.0361  0.0032  4.0556  1.4532  0.3440  0.5332  0.0064  9.8309 
 4.4097  0.0182  0.3515  0.9760  0.0000  0.0011  0.0290  0.0183  0.0249  0.7645 
 0.0001  0.0000  0.1032  0.0027  4.8969 11.1373  0.0000  0.2990  0.0092  0.0000 
 0.8787  0.5404  7.9479  0.0241  0.0001  0.0000  3.9908  0.0003  0.6605  0.3495 
 0.0003  0.0631  1.6250  1.3845  0.0000  0.0000  0.0000  0.1478  0.0097  1.8347 
 7.6362  0.8502  0.0000  0.2397  0.0352  1.3728  0.0343  0.0106  1.9962  3.5642 
 0.0134  0.0020  0.0000  0.0003  0.3105  0.0019  0.0000  0.0063  0.2510  0.0000 
 0.6583  5.2418  0.0000  0.0448  1.4199  1.3152  0.0021  0.0309  0.5288  0.0003 
 0.0143  0.3849  0.0004  0.0000  0.0000  0.0005  0.0050  0.0013  0.0446  0.0000 
 0.2422  0.1642  0.6454  0.0031  0.0909  1.4795  0.0000  1.0841  0.0804  3.0519 
 0.8566  0.5295 10.9931  0.0002  0.3924  0.0169  9.9498  0.4342  0.0106  0.8574 
 0.0337  0.0670  0.0035  4.9427  0.2322  0.0000  0.0002  0.0116  0.1402  0.3338 
 3.1618  0.0011  3.3292  2.1475  0.0000  0.5464  0.0000  3.2872  3.7269  0.0115 
 0.0020  0.0046  0.3167  2.3771  0.0048  4.6984 34.7509  1.1477  0.3762  2.3686 
 0.3421  0.5897  0.1668  0.0000  0.0009  0.1448  0.0001  1.2288  0.0163  0.0640 
 0.0000  0.2475  0.5333  1.9102  0.0015  0.0396  0.4351  0.0001  0.3236  5.8497 
 0.0000  0.0000  0.0765  2.3543  0.0124  0.8612  1.4644  0.7210  0.6253  0.0000 
 0.0000  0.7680  0.0010  0.0000  0.8374  0.7451  0.6251  0.0028  1.7098  0.0003 
 5.6300  0.0000  0.0258  0.3493  0.0000  1.8444  0.0134  8.9074  1.1226  0.0000 
 0.0000  0.0000  0.0473  0.0003  0.0315  0.0002  0.4343  1.0120  0.0080  0.0108 
 0.2785  3.9619  0.0000  4.2279  7.5146  0.3967  0.0159  5.8389  0.0780  0.0000 
 0.0542  0.0091  0.0071  0.2270  0.0036  0.3565  0.0000  0.0003  0.0000  0.0061 
 0.1537  1.7357  6.4004  0.1466  5.5537  0.0000  5.0717  0.0004  0.0000  0.0000 
 0.6945  1.6224  2.0921  0.0226  3.4614  1.9843  0.0000  5.3788  0.5300  0.0000 
 0.0675  0.0443  0.0118  0.0023  0.0138  1.2177  0.0142  0.0000  0.0000  0.0000 
 0.8101  2.4133  0.0000  0.0000  0.0706  1.1828  0.0007  7.5759  2.6875  1.4470 
 2.3588  0.0170  1.9700  0.0000  1.6532  0.3710  0.0282  0.0000  0.1886  0.0820 
 0.0003  0.0647  0.0054  0.0981  0.0004  0.0000  0.8501  0.0071  0.0016  1.5538 
 0.8122  0.6762  0.0175  6.4124  6.5083  0.1545  0.5511  1.6469  0.2245  0.1398 
 0.0001  0.0203  0.0000  0.5993  0.0019  0.6307  0.0000  0.2029  1.8793  2.1732 
 0.2850  0.0427  0.0000  0.3553  0.0360  0.0003  2.4185  0.0337  0.0008  0.1811 
 0.6771  0.0558  5.1727  0.0000  0.0000  0.0000  1.1072  0.1964  0.0000  0.2835 
 6.5944  0.2621  0.0000  0.0026  0.7386  0.0000  0.5989  1.4573  0.0030  0.0001 
 0.0371  0.0000  0.0005  0.0563  0.0073  0.0000  0.1238  0.0000  0.0004  0.0802 
 0.4428  1.2098  0.0000  0.0000  0.0026  2.6177  0.0137  0.0001  0.2801  0.0040 
 0.3710  0.0376  3.5145  0.0008  0.3444  0.0000  0.9054  0.0239  0.0005  0.0020 
 0.1900  0.1338  0.0010  0.5730  2.4686  0.0003  0.0148  0.0042  0.0756  0.5945 
 0.3383  2.8248  0.0000  0.0000  0.0000  0.0002  0.4366  0.0000  0.3291  0.1092 
 5.3456  0.0000  6.7980  9.2933  3.9813  0.0000  2.0656  0.0059  1.9332  0.0000 
 0.0130  0.1403  0.0091  2.7154  0.0003  0.1082  0.0006  0.5807  2.5320  0.0000 
 0.0239  0.0441  1.9626  6.1978  0.0060  0.0015  0.0014  0.0004  0.2503  3.1487 
 0.0021  0.0639  0.2367  0.0006  0.0000  0.0041  0.5231  0.0014  6.2760  0.0017 
 3.0498  0.0006  0.0000  0.0000  0.8371  0.0037  2.0460  5.5469  0.0000  0.2287 
 0.0028  0.5387  0.0002  0.0000  0.0024  0.0000  0.3687  0.6082  2.3188  0.0001 
 0.0014  0.0526  0.3388  0.4295  0.0033  0.0003  9.2339  0.5816  0.0000  0.0012 
 0.0218  2.6862  0.2338  5.4615  0.0003  0.4972  0.1441  1.2917  0.0000  0.0004 
 5.3342  0.0084  1.4525  0.0523  0.0000  0.0016 14.8096  0.0000  0.0533  0.1095 
