
Rates for sites

[replicate 1]
 0.0003  0.0006  0.0035  0.0221  7.3127  0.0000  0.0001  1.7341  0.0000  0.0102 
 2.0595  0.0000  0.1004  0.0000  7.5148  0.0216  0.0000  0.0000  0.1024  0.0000 
 5.4699  0.1213  6.8383  0.0002  0.2648  0.0088  0.0002  0.2503  8.6584  0.0029 
 0.0221  0.6707  0.0004  1.2471  0.0024  5.7468  1.9962  4.9151  1.5641  0.0615 
 0.0000  0.0052  0.0000  0.0090  0.0001  0.6650  0.0002  0.0000  0.0000  0.0196 
 0.0002  0.1153  0.3216  0.0807  0.0175  0.0000  0.0000  0.0000  0.0000  0.0000 
 0.5423  0.0000  0.0533  0.2177  3.2499  0.0145  0.0167  0.0636  0.0003  0.1697 
 0.4668  0.1805  0.1225  0.0000  0.1076 21.1660  1.1092  0.0665  0.0099  0.7372 
 0.0032  0.5097  0.0000  0.0222  0.0003 11.6339 34.6094  6.5697  0.6265  0.3609 
 0.7161  0.0525  0.0486  0.0011  0.0000  0.0003  1.5998  0.1911  0.1897  0.1213 
 0.0571  0.0483  1.0101  0.0054  0.0000  0.3033  1.7243  0.0014  0.3282  0.0612 
 0.0839  2.2744  0.0066  0.2177  1.1456  0.0000  0.1226  0.0001  0.0000  0.0098 
 0.0072  0.0014  1.9020  0.6205  0.0001  0.0111  0.1431  0.7531  0.3500  0.0000 
 0.5573  0.2000  0.2470  0.1472  0.0000  0.1077  0.0000  0.1516  0.0209  0.0001 
11.5960  0.0020  0.0051  8.5432  0.1531  0.0000  0.0000  0.0003  7.5778  0.5205 
 0.3013  0.2154  0.0050  0.0077  3.4234  0.9797  0.7463  0.5143  0.0464  0.0000 
 0.0013  0.0684  0.0003  1.2080  0.0000  0.0000  0.0000  1.7483  0.0044  0.0000 
 0.0001  0.0200  0.0187 21.8345  4.5068  0.0006  0.4816  0.0099  0.0534  0.3238 
 0.0256  0.1044  0.0000  0.0001  3.4639  0.0010  0.0074  2.1983  0.1875  0.3548 
 0.0000  0.0000  7.4381  0.0014  0.0854  0.0719  0.0002  0.0007  0.0085  0.0365 
 0.0001  0.7160  0.0000  0.1999  2.7538  0.0006  0.0002  0.0212  1.6939  0.0086 
 0.9384  0.0049  0.0000  0.2885  2.0802  0.0161  0.0011  0.1060  0.0034  2.0912 
 0.0013  0.0137  0.0769  0.6633  0.0130  0.0172  1.6383  0.0031  0.0000  0.0001 
 1.2207  0.5308  0.0312 13.7423  0.0000  0.3074  0.0354  0.6850  0.0004  0.1677 
 0.0034  0.2470  0.7017  0.0126  1.0425  0.0305  1.9704  2.1943  0.0001  2.7935 
 0.0637  0.1234  0.0377  0.0441  0.0000  0.0000  0.4888  0.0021  0.0155  0.0613 
 1.8993  0.0958  0.0001  0.1549  0.8618  1.1737  1.3620  0.0273  0.0002  0.0009 
 0.0002  4.8060  5.4410  0.0000  1.4714  0.0003  0.1596  0.7165  0.0156  6.0700 
 0.1120  0.0394  2.8521  0.1825  0.0000  0.0392  0.0000  0.0002  0.0014  0.2733 
 0.0000  0.0005  0.0213  0.0245  0.0000  0.0004  3.0968  2.0376  1.9639  0.1469 
 0.0001  0.0003  0.0858  0.0429  0.5761  0.0972  0.0066  0.9709  0.0015  0.7316 
 0.2729  0.0435  0.0415  7.6000  1.5663  0.0059  0.0000  0.0000  0.0054  0.0776 
 0.0404  0.0000  0.4404 22.6350  0.2489  1.5363  0.4146  0.0003  0.0000  0.0000 
 0.0000  0.0070  0.2042 15.5557  1.7962  0.0077  0.0007  2.2929  0.0010  0.0038 
 0.0001  1.5689  0.4188  0.3037  0.0000  0.4439  1.2584  0.0000  0.0000  6.0176 
 0.0159  1.4037 17.3778  6.6119  0.5043  0.6923  0.0034  2.3297  0.3481  1.1459 
 0.0007  1.7273  0.7993  0.0000  0.0000  0.0554  0.0355  0.0000  2.8659  2.8850 
 0.0233  0.0000  2.9239  0.0001  2.2792  1.7589  0.3214  2.1959  0.1975  0.2817 
 0.0000  0.0059  0.1849  0.0000  0.0000  0.0069  0.0033  0.1851  0.4768  0.6236 
 0.0598  0.0000  0.5587  0.0121  0.0224  0.4468  0.0350  0.0001  0.0402  8.2305 
 0.0427  0.1253  0.0001  0.0006  0.2817  0.5230  0.0920  0.0018  0.0000  0.0560 
 1.7300  0.6439  0.2303  0.7717  0.0000  0.0004  1.7726  0.0655  0.3967  0.0017 
 2.3163  0.7833  8.1147  0.0000  0.0007  0.0073  0.1699  0.0039 10.4879  2.1926 
 0.0635  0.0003  0.0000  0.0000  0.0000  0.0009  0.8473  0.0112  0.0017  0.0604 
 2.2001  0.0054  0.0000  0.0000  4.6251  0.1539  0.0026  1.2763  0.2817  0.0000 
 0.0002  0.0003  0.0049  0.0025  2.3318  1.0940  0.1257  0.1874  0.0004  0.0179 
 0.1197  2.2713  0.2145  1.9700  0.0052  0.0136  0.7406  0.0055  0.0000  0.0001 
 0.0000  0.0000  0.2178  0.0031  0.2149  0.3623  0.0052  0.0001  3.0385  0.0000 
 0.1264  0.7665  1.0254  1.1783  0.9659  0.0006  0.2861  0.0000  0.2603  3.2268 
 0.0015  9.3964  8.2823  1.2630  0.0115  0.0071  1.9547  5.1898  2.8978  0.9742 
 0.0007  0.2750  3.3080  2.0968  0.1025  0.0000  0.6488  0.0007  0.7085  0.0014 
 1.4744  0.0000  0.0045  0.0023  3.5934  0.0000  0.0000  0.2597  0.0000  0.0001 
 0.0000  0.4167  0.8004  0.0000  0.0140  0.0003  0.0000  0.1059  0.0369  2.3347 
 0.0000  0.0006  0.0000  0.0000  0.0021  1.2234  0.0417  7.3410  2.5602  0.0022 
24.2128 15.7454  0.0000  0.0154  0.1816  0.0955  0.0349  2.8803  0.0339  0.0012 
 0.0000  0.0063  0.0094  0.0000  0.2098  1.1730  0.5569  0.0000  0.0000  0.0000 
 0.0006  0.0009  0.0108  0.0651  0.0000  0.0751  0.0926  0.1236  0.6790  0.6825 
 0.0022  0.0474  0.1402  0.0005  0.0012  5.9653  0.0013  0.3214  1.8439  0.7562 
 0.0030 11.2070  0.0117  0.0001  0.1105  0.0001  3.1486  0.0024  0.0000  0.1433 
 1.8550  0.0567  1.7704  0.0000  0.0013  0.0667  0.0001  0.0001  0.1071  0.0441 
 0.0000  0.0001  1.7957  0.0233  0.0006  0.0766  0.0295  0.0210  0.0007  0.0000 
 0.1721  0.0000  0.0177  1.4072  0.0277  0.0171  0.2146  0.0806  3.0742  0.0032 
 0.0000  2.5903  0.0973  3.2322  0.0001  0.2633  0.0004  0.0000  7.7083  0.0000 
 0.0000  0.0001  0.1578  0.0101  0.3228  0.0020  0.0002  0.0863  0.1280  0.0000 
 0.0002  0.0000  0.0055  0.0150  0.1912  0.0000  0.6746  0.0003  0.0107  0.2277 
 0.0010  2.5130  0.4284  0.5272  7.9626  0.0182  1.6905  0.0265  0.2272  0.0000 
 1.7255  0.0003  3.9082  0.0621  1.7872  0.0000  6.7124  0.0508  0.0013  0.0004 
 0.3310  1.6151  0.0013  0.0000  0.0001  0.0135  2.1878  0.5849  0.1069  6.2293 
 3.8758  0.2064  0.0456  8.4362  0.0179  0.0001  0.0616  6.3281  1.1576  0.5052 
 0.0025  0.0205  0.2064  0.0000  0.0680  0.0347  0.6042  1.3845  4.6382  0.0036 
 0.0000  2.2012  0.0000  0.0409  0.0000  0.0155  0.2122  0.0567  0.0108  0.5700 
 0.0000  5.1946  1.4891  0.2242  0.0000  0.0633  1.2817  0.0404  2.8071  0.3268 
15.3995  0.0000  0.0025  0.0000  4.2228  0.0082  0.0000  0.4087  0.0001  0.0000 
 0.0001  0.0033  3.1892  0.0982  0.5015  0.0000  0.1248  0.0131  0.1123  3.3237 
 0.0000  0.1759  0.2147  0.0081  0.0346  0.0000  0.1301  0.0157  0.1502  0.0000 
 0.6478  2.8635  3.0274  0.0011  0.6953  0.1586  0.0000  0.0201  0.1619  0.0171 
 3.8960  2.6719  0.0000  0.1008  1.9004  0.6076  4.4217  1.2625  0.0751  1.0119 
 0.0340  0.0000  0.2277  0.0000  0.1291  0.7984  0.0003  0.0000  4.5030  1.7705 
 1.7773  0.0000  0.3289  3.8954  0.0718  0.0867  7.6487  0.0174  0.0439  0.0018 
 0.0286  2.7393  0.0073  0.0372  6.2707  0.0547  1.3297  2.3681  0.0029  2.4017 
 1.2709  0.0170  2.9544  0.0005  0.8661  1.7273  0.0269  0.0000  0.1428  0.0001 
 3.0176  0.0210  0.0001  0.0000  3.0935  0.2722  0.2604  0.0000  0.0000  0.0000 
 0.2721  1.0190  0.7771 16.1024  0.0000  0.0002  0.0238  0.1138  0.0063  0.0574 
 0.1680 10.8803  1.8329  1.1653  2.8818  1.8733  0.0588  0.0101  0.0000  0.0135 
 3.5908  0.0000  0.0018  0.1561  0.0000  0.0007  1.1962  0.0000  5.7042  4.3190 
 0.1921  0.0000  0.9510  1.2456  0.2284  0.0013  0.1313  0.3583  0.0005  0.0365 
 1.0874  0.0012  0.1650  0.6446  0.0078  4.9927  2.4057  8.2865  7.6196  0.3428 
 0.2433  1.2490  0.0000  0.0007  3.5700  0.0167  0.1142  0.0152  0.4457  3.1314 
 0.0575  0.0023  0.0000  0.0020  4.8079  8.9832  0.0044  4.7581  1.8953  3.5936 
 0.0117  0.0024  0.1719  8.0353  0.0002  0.6220  0.0017  0.0006  1.0304  0.1099 
 6.8749  0.0001  0.0020  0.0597 10.2497  0.0007  0.2634  0.0000  0.0002  0.0909 
 0.0047  4.1935  0.0051  0.3157  0.0000  0.0002  0.2343  0.0352  0.0158  0.0000 
 8.2795  1.5063  0.2035  0.0168  1.4961  0.0002  0.1819  0.0113  0.0000  0.0000 
 3.5066  1.8831  0.0833  5.7158  0.1583  0.0000  3.5259  0.0031  0.0000  0.0067 
 1.2286  0.0225  0.0000  5.1155  0.0000  0.0004  0.0301  0.0000  0.0380  0.0046 
 0.0584  0.0008  0.0000  0.2914  0.0882  0.0017  0.6919  0.0000  0.0001  3.6040 
 0.0001  0.5369  0.0409  0.0034  0.0185  0.0797  0.6059  0.0013  0.0000  0.0053 
 0.0001  0.5103  0.0000  0.0009  0.0352  0.0002  7.6622  0.3314  0.0000  0.9940 
 1.4857  1.3399  0.1158  0.0983  0.0510  0.0234  2.0122  0.0000  0.0000  0.0306 
 0.0000  0.0116  0.0031  3.6282  2.2457  0.4810  6.2092  2.7332  0.3003  0.0002 
 0.0123  2.2882  0.2089  0.6565  0.0045  0.0000  0.0210  0.0970  0.0018  0.0000 
 0.2776  0.9336  0.5708  6.6751  1.3092  1.7637  0.0022  7.6130  0.0034  0.3610 
 1.9647  0.0000  0.0000  0.2316  0.0000  0.0000  0.0001  0.0147  0.0000  0.0166 
 0.0000  2.4681  0.0000  0.0003  2.2168  0.0000  0.0000  0.0001  0.0144  0.0012 
 0.3636  0.1379  0.0000  0.0000  0.0000  8.6074  0.2990  0.0043  0.0158  0.0000 
 0.0000  0.0000  0.0320 18.9829  2.4173  1.9675  0.0126  1.4095  0.0929  0.6945 
 4.0310  0.0000  5.1747  0.0001  0.0091  0.0000  0.0020  0.0809  0.0282  0.0000 
 0.0021  0.0006  0.0000  0.4151  0.0052  2.6469  0.0007  0.0070  0.0000  0.0000 
 0.0006  0.0001  0.0001  0.0000  1.1150  0.1978  0.1786  0.0005  0.0411  4.6812 
 0.0000  7.2856  0.0479  0.0589  0.0000  0.3028  0.9966  0.0483  0.1079  0.0505 
 1.7659  0.1239  1.3100  0.2127  0.8565  0.1807  0.0018  0.0000  0.0011  0.0032 
 0.0000  0.0000  0.0044  6.6221  0.0306  0.0002  0.1626  1.5704  0.0130  4.6788 
 0.0229  0.0000  3.6911  0.0000  0.0000  1.6927  0.0087  0.0283  0.0000  0.0004 
 0.0000  0.0062  0.3101  0.0000  4.5536  0.0003  0.0027  1.3291  2.8436  0.0000 
 0.0000  0.0025  0.0000  0.0094  0.2443  0.0062  0.0016  0.8834 11.3913  1.8537 
11.2581  0.0000  0.0000  0.7039  1.6022  0.0005  0.5225  9.3919  2.8683  0.0000 
 2.1526  1.4266  0.3081  5.1636  0.0237  0.6548  0.0009  2.2461  0.0001  6.1168 
 0.0028  0.0458  0.0000  0.0462  0.0005  0.0000  0.0498  0.0000  0.0005  0.8139 
 0.0705  0.2144  0.2258  0.1758  1.2869  2.1387  0.0518  3.4763  0.0111  0.6702 
 0.0000  1.8028  0.4578  0.0000  0.3973  0.1460  0.0619  0.0079  0.0545  0.4790 
 0.0182  0.0335  7.4774  0.0001  0.1546  0.1242  0.0011  0.0000  0.2606  0.3441 
 2.5871  0.0002  0.0029  0.0405  0.4456  0.0000  0.0580  1.6660  0.5812  0.2585 
 0.0025  0.0000  1.8690  0.0032  0.1634  0.6292  0.0096  0.0000  0.0000  0.0181 
 1.3809  0.1126  1.3599  0.0210  2.2278  5.9144  0.0061  0.0000  5.2897  3.1346 
 0.0972  0.0087  0.9866  0.0044  3.1223  0.0365  0.1766  0.0135  0.0009  0.0149 
 0.6373  0.8460  0.0595  0.0000  0.0000  0.0029  0.0348  0.0000  0.0124  0.0432 
 0.0077  0.0000  0.0001  0.5742  0.0422  0.0024  0.2021  2.9071  7.0981  0.0009 
 0.0741  4.8246  0.0250  1.8278  0.0004  0.0000  0.0065  0.0008  0.0014  0.0464 
 4.2515  0.1802  0.0216  0.3989  0.0050  3.7239 10.6447  0.0003  3.8293  0.8201 
 0.0000  0.1331  0.0006  0.8216  4.5659  0.0107  0.0000  0.3031  0.0081  0.3903 
 0.0001  0.4514  0.0001  0.0137  1.0933  0.0581  1.6168  0.1572  0.0000  0.0000 
 0.0001  0.5479  0.0001  0.0000  0.0003  1.4844  0.0000  0.0383  0.0030  0.0008 
 0.0059  0.2535  0.0000  0.0000  0.0002  0.3064  0.2559  1.0522  0.0444  5.1289 
 0.0088  1.7738  0.0000  0.5982  0.0950  0.0960  0.0000  0.0000  0.0403  0.0004 
 0.0011  0.0004  0.3800  0.0000  0.0062  0.0000  0.0070  0.5846  0.0000  7.0961 
 2.2011  7.9464  0.0000  0.1195  0.0001  0.6082  0.2745  0.2794  0.0000  0.0000 
 0.0001  0.0007  2.7559  0.1618 21.4210  0.0128  0.0172  0.0005  0.7681  0.1008 
10.2377  0.1598  0.4403  0.5711  0.6095  6.4491  0.9404  0.0002  8.0365  0.0000 
 0.0037  0.0084  0.0000  0.0055  0.0001  1.6909  0.0002  0.0007 14.4401  0.3439 
 0.1303  6.2992  2.7204  0.0186  0.0000  0.0840  0.3097  0.4781  0.5075  0.0001 
10.1968  0.3076  4.4031  0.0436  0.6303  3.6608  0.0001  0.0000  1.1763  0.0353 
 2.5656  0.4758  0.0023  0.0063  0.8559  0.0000  1.5257  0.8358  0.6601  0.0019 
 0.0005  0.1358  4.6935  0.0117  0.0000  0.0007  0.0000  0.0001  0.0496  0.1132 
 0.0000  0.0794  0.2490  0.7836  5.9951  1.0392  0.4362  0.5571  0.0000  0.0246 
 0.0004  0.0000  0.0428  0.0003 17.8837  0.1638  0.9031  5.9901  0.0011  0.9500 
 0.0001  0.0000  0.0000  0.0018  0.0000  0.0076  0.4907  0.0576  0.0326  7.1952 
 0.0005  2.3391  0.0000  0.1659  5.3349  1.9678  1.1711  0.0000  0.0248  6.9562 
 0.0000  0.0002  0.0130  1.5841  0.0000  0.5066  0.0005  0.0166  0.0009  0.0020 
 0.0356  0.1996  0.1486  0.0001 12.0352  0.0045  1.2445  0.0021 13.3104  0.2371 
 2.0561  0.0000  0.3224  0.0016  1.9438  0.0438  0.0275  0.0029  1.3697  0.0000 
 0.0145  0.2506  0.0006  0.1184  0.2495  0.1645  0.0292  3.1636  0.6994  0.0694 
 0.3462  2.4665  0.0203  0.8991  0.0289  0.0450  1.0159  0.5486  4.0904  1.6258 
 0.0057  4.5500  0.0004  0.0000  2.2036  0.0000  0.2241  0.0893 12.8969  0.0109 
 0.1798  3.6498  0.0100  0.0156  1.4607  0.0000  0.7599  0.0000  0.0111  0.0009 
 0.2437  0.0000  0.0014  0.0019 10.5537  3.3107  0.5529  0.0253  2.8573  0.0027 
