
Rates for sites

[replicate 1]
 0.0293  0.2243  0.0626  0.4049  0.0912  0.0183  0.7083  6.4849  0.9662  1.1698 
 0.4153  0.0024  1.2823  0.0049  1.8493  0.1670  1.1466  0.0824  0.0043  1.8498 
 0.0000  1.0493  1.1898  0.0284  0.0893  1.3997  0.0227  0.1172  0.0000  0.9023 
 0.0000  1.0377  0.0000  0.0005  0.3530  0.0130  0.0158  0.3557  0.0486  0.2047 
 0.0283  0.0586  2.1044  0.0001  0.0000  0.5975  0.0774  0.0019  2.3435  0.0151 
 0.0000  0.8910  2.3304  0.0508  0.2192  7.0306  0.0002  0.0000  0.0002  0.0007 
 0.0257  3.9026  0.0000  1.2646  1.8306  0.0079  0.9582  0.7284  5.2510  2.2090 
 1.1706  0.0000  0.0660  0.0003  0.0297  0.7725  1.7796  0.0000  0.0159  0.8429 
 0.0001  0.0198  0.0000  0.3683  0.0038  0.0001  0.0066  1.0882  0.0352  0.0001 
 0.0017  0.7347  0.9533  0.6358  0.0000  0.3950  0.0000  0.0584  0.0000  0.0000 
 3.4600  2.0952  0.0000  0.2439  0.6642  0.0459  0.0953  1.4069  0.1579  0.0001 
 0.0001  1.0480  5.3622  0.0053  0.1910  0.0041  0.1592  0.1183  0.5872  1.4870 
 0.0000 15.4322  1.2970  0.0059  0.1472 16.1241  0.0491  0.0015  0.0200  1.1709 
 0.0822  0.0039  0.0381  0.0010  0.0240  0.7604  0.0023  0.0004  0.0000  0.0004 
 0.2950  0.0000  0.0503  0.0000  0.0039  0.0084  0.0182  0.8150  0.5368  0.0000 
 0.0838 12.7575  0.0000  0.0045  0.1203  0.8011  0.0003  0.0002  0.0000  0.7332 
 0.5358  0.4861  0.1742  0.0000  0.0152  0.5877  0.8907  1.4687  0.0155  3.9398 
 0.0044  0.2032  4.6162  0.0001  0.0000  0.0304  0.1721  0.0007  0.0005  0.0163 
 2.2286  0.0073  0.0070  0.0001  2.8214  2.7097  0.0000  0.1142  0.0001  0.0014 
 0.0696  7.9298  0.0011  0.2218  0.0002  0.1625  7.3817  0.2166  1.0565  0.0032 
 1.1748  0.0049  6.4983  2.9253  0.0003  0.7041  4.2998  0.0000  0.7401  0.0416 
 0.6207  0.5601  0.0000  2.1545  0.0828  0.0851  1.9342  0.3256  0.3307  7.0686 
 0.0047  0.0070  0.0049  0.9401  0.8812  0.1494  0.2092  2.1778  0.0087  0.7862 
 0.0010  3.5204  2.6575  0.0041  2.5021  0.0042  0.0028  4.3268  2.8885  0.0029 
 0.0014  0.1314  0.0030  1.2722  0.0210  0.0000  0.0472  9.1321  0.0008  0.0021 
 0.1231  0.4479  3.4188  0.0140  0.0570  4.6003  0.2007  0.0086  0.6653  0.0000 
 4.0699  4.3242  0.1963  0.2082  0.0054  0.0000  0.1892  3.4734  0.0011  0.0089 
 0.5119  3.5565  0.0001  4.9898  0.0001  0.0994  0.0255  0.0035  0.0001  0.1485 
 0.0891  0.3668  0.0000  2.7967  0.0007  0.2597  3.7530  6.3147  0.0000  0.2199 
 3.4442  0.0048  0.0292  0.0841  6.3479  0.0422  1.5408  0.0511  0.5863  0.3889 
 2.1226  0.0037  0.0000  0.0208  1.8973  1.0819  2.8503  4.7669  0.0025  0.0000 
 0.0001  0.0009  1.0625  0.9917  0.0000  3.3342  0.0001  0.3745  1.3428  0.4506 
 0.0000  0.9356  0.0000  0.0002  0.8218  0.0402  0.0000  0.0057  0.0000  0.0036 
 0.0000  0.1266  0.0000  0.2148  1.4627  2.3730  0.0209  6.2173  0.1053  0.0000 
 2.5426  0.0009  0.0052  0.2018  0.0223  9.8604  0.0001  0.1344  0.2531  0.0001 
 5.4036  0.0152  0.0064  0.8654  4.8984  5.0121  0.6621  0.0029  0.0025  0.0547 
 0.0401  0.0052 34.8432  0.0007  3.9394  0.0472  0.0791  0.0052  0.2557  6.2018 
 0.0000  0.6392  0.0018  0.0005  1.7373  0.0001  0.3838  0.9554  2.1083  0.0721 
 9.8344  2.8301  0.3225  0.7207  0.0002  0.1854  8.6389  0.0000  0.0000  1.3176 
 1.5172  0.0008  3.0530  0.3179  0.6756  0.0000  0.6502  0.0019  9.3077  0.0003 
 0.0002  0.0001  0.0000  0.0019  0.5293  0.8639  2.1875  0.0000  0.0018  0.6023 
 0.0000  0.5172  0.0006  3.1223  0.0000  0.0501  0.0060  0.5305  0.0076  0.3271 
 0.6609  1.0457  0.0001  0.0025  0.0000  0.0434  0.0000  0.0910  7.9643  0.0000 
 0.0000  0.5863  0.0095  3.7618  1.3033  3.3512  0.0000  0.0036  0.2699  0.0000 
 0.0001  0.0005  0.0470  0.5794  0.0000  0.1595  1.2453  0.0000  0.2795  8.8222 
 0.0100  0.2757  1.2331  0.0973  0.0000 11.0457  0.1112  0.0003  1.8126  0.0964 
 2.6202  2.7872  5.8192  0.2712  1.6921  1.1100  0.0106  0.2223  7.4143  0.9011 
 1.9618  0.0006  0.2484  0.0019  0.1103  0.2429  0.0000  0.4525  0.0000  0.0342 
 0.0001  0.6743  0.0327  0.1157  0.0000  0.0000  1.8164  0.0226 12.5271  1.4554 
 0.0516  0.0010  0.1890  0.2023  0.0004  3.8159  1.7194  0.0000  0.0001  0.0000 
 0.0067  0.8363  0.0884  0.0000  0.0000  1.7966  0.0000  0.0000  0.1398  2.7003 
 0.0000  0.2556  0.0014  0.0076  3.5952  0.0009  0.8729  0.0153  5.7710  0.0000 
 0.0668  0.0782  0.0199 11.7447  0.3195  2.2699  7.5023  0.0491  0.3931  0.0013 
 1.8155  0.0237  0.0004  0.0000  4.3703  0.0303  0.3070  0.0022  0.0000  0.1973 
 0.0012  1.2014  5.6835  1.4391  0.0003  0.0698  0.5049  0.0004  0.0006  2.8980 
 7.9369  0.0132  0.0000  0.0467  4.0474  0.0004  0.0158  0.0000  1.4965  5.8699 
 1.9146  0.0000  0.0050  2.5021  0.1591  0.0000  0.0000  7.3014  0.1487  0.0000 
 0.4867  0.2066  0.0566  0.0259  0.4137  2.6294  0.0190  0.0719  2.1975  0.0004 
 0.0031  0.0000 10.7867  0.0583  0.0463  0.0913  0.0000  0.0208  0.0020  1.1316 
 0.0000  0.0345  3.3747  2.6113  1.0592  0.0556  1.4079  1.7101  6.0114  0.0010 
 0.2043  0.5254  0.0001  2.7089  0.1148  5.6066  0.0000  0.0000  0.0927  1.2139 
 0.4248  0.0417  4.4854  0.1559  0.0000  9.3132  0.7262  0.6330  0.0040  0.4498 
 3.3021  0.0000  0.4804  0.0001  0.4223  0.0017  0.1050  0.0153  1.7569  0.0000 
 0.0031  0.0006  3.4568  0.0000  0.8001  0.0228  0.0382  0.0063  5.5867  0.0000 
 0.0530  6.8234  0.0000  0.0000  0.0039  0.0863  0.2069  0.0647  6.2049  0.0000 
 0.0675  0.0001  0.0004  0.8193  0.5776  0.0002  0.0005  0.0005  0.0653  0.0108 
 0.0000  2.6764  0.2080  0.3699  0.0000  0.0514  0.0068  0.0116  0.0000  2.8554 
 0.6313  0.0817  0.6783  0.2743  0.1020  0.0068  1.2992 12.5052  0.8147  0.0242 
 0.0000  0.8614  0.0113  0.1147  0.0002  6.1027  0.0638  0.0270  0.0075  0.0312 
 0.0000  0.0152  0.1163  0.0151  0.0386  0.0031  4.6948  0.2130  0.0000  0.0086 
 0.0007  0.0107  0.0362  0.0010  0.0000  0.0021  0.4495  0.5614  1.1841  0.0000 
 3.0506  2.0628  0.0500  0.1659  1.9683  0.0184  0.3507  0.0036  0.0596  2.4173 
 0.4600  0.0000  5.2522  0.0343  3.4387  1.3821  0.0000  0.0000  0.0053 11.1978 
10.7967  7.4492  0.0001  0.0031  0.0001  0.0187  0.5254  0.0012  0.0007  1.7792 
 0.0578  0.0000  0.0001  0.0071  0.0463  0.4621  0.0004  0.0170  0.2434  4.1507 
 0.0098  0.0005  0.3827  0.0831  0.0013  4.2931  0.0255  0.0507  0.1273  5.6147 
12.4809  1.9689  9.5952  1.9880  0.9814  0.0368  0.0245  0.7427  0.0055  0.0000 
 0.4956  0.0003  0.0288  0.2021  0.5621  0.0441  2.4215  0.0000 26.5700  0.0643 
 0.0524  1.6431  2.7262  0.0103  0.0166  0.0049  0.0005  0.0113  0.0049  1.1989 
 0.0654  0.0000  0.0449  1.1625  0.0000  0.3937  0.3250  0.1111  3.6131  0.0605 
 0.0000  0.0052  0.0027  0.0189  0.0003  1.5431  0.2132  0.0001  0.0004  0.0000 
 0.0000  2.6180  0.2758  0.0100  0.0000  0.0048  0.0000  0.1788  0.0007  0.2680 
 2.6705  0.1087  0.0477  1.1722  0.3918  0.7313  0.5616  0.0112  0.4136  0.0074 
 0.0000  0.2383  1.4446  0.2248  0.7834  0.8088  2.0516  0.7444  0.5219  0.2041 
 1.3230  0.0833  0.0000  0.0000  0.0112  0.0452  0.0016  0.0083  0.0013  0.0000 
 0.6268  0.0000  0.0000  1.3273  0.0900  0.0381  8.4330  0.0000  0.3194  0.0004 
 0.1119  0.0228  0.0092  0.0000  0.0048  0.0460  0.0011  0.0008  9.3636  3.4754 
 0.2538  0.0139  1.0311  0.2572  0.0015  0.0015  0.0000  1.7092  0.1561  0.0000 
 0.0422  0.1416  0.1878  2.5869  0.0076  0.0000  0.0000  0.0000  0.0000  0.0282 
 0.0083  1.9264  2.6089  0.0254  0.0398  0.0000  0.0001  1.1611  1.4032  0.0104 
 0.0000  0.0000  0.2242  1.0885  0.0416  0.0133  0.0351 14.1007  0.0000  0.0001 
 0.1917  0.1584  0.7691  0.9374  1.6612  0.0000  0.0009  0.0810  0.0001  0.2998 
 0.0000  0.8230  0.0000  0.7550  0.0009  5.2966  0.0030  0.0068  0.2515  0.0000 
 1.5547 11.3167  0.0906  0.0943  0.0002  0.0026  0.0011  1.5284  0.0002  0.0000 
 0.0000  0.0028  0.0559  2.1955  0.1919  0.0000  0.0000  0.0120  0.0008  0.0004 
 0.0157  0.0110  0.0001  0.0001  0.7793  0.0010  0.0657  0.0004  0.2541  1.5737 
 1.5349  0.0743  0.0190  0.0000  0.2562 10.2294  0.2421  1.4733  1.9970  0.1026 
 1.1565  0.0023  0.0065  0.0001  0.0072  0.0169  1.2649  0.0000  0.0194  0.5641 
 9.4547  0.9065  0.0855  3.2238  0.0360  0.0001  0.0000  0.0638  0.0000  0.0000 
 0.0001  0.0001  1.3159  0.0147  0.0034  0.0837  0.0042  0.0322  0.1109  0.5554 
 8.8158  5.3924  0.0019  3.5328  0.0089  0.0001  0.0173  0.0000  0.0000  0.4497 
 4.4723  0.1595  0.2321  2.1370  0.0002  0.3781  8.4111  0.0023  1.2362  4.0594 
 7.7640  0.0116  0.0162  0.7375  0.1366  0.2637  0.0808  0.0000  0.0121  0.0002 
 0.7601  0.0000  0.3833  0.0000  0.0078 12.9438  0.3175  0.0000  9.9447  0.0248 
 0.0342  2.3952  1.3206  0.0495  6.6134  0.5307  4.9150  0.0074  2.3445  1.5173 
 0.0000  0.0429  0.0011  0.0003  0.6968  1.4291  0.0055  4.0416  0.2657  0.9148 
 0.1260  0.0000  3.3080  0.5368  0.0000  0.0000  0.5038  0.2517  0.0012  0.3980 
 8.5975  0.0003  6.7824  0.0703  0.7628  0.0006  0.0140  2.3554  0.0061  0.1520 
 1.9833  0.4628  1.9327  0.0002  0.0360  1.0648  3.4014  0.3795  0.0001  0.0397 
 0.3508  0.4408  0.5596  0.0001  0.0160  0.0000  0.0704  0.0010  0.0013  0.0000 
 0.0000  0.0805  0.2143  0.0105  2.2077  0.0004  0.0000  0.0064  3.1008  0.2628 
 0.0000  0.0001  0.0020  0.0170  0.3351  0.9516  0.0735  0.3501  0.0049  0.0405 
 0.0305  0.4989  3.8308  1.7711  0.0754  0.0847  0.0002  1.5070  5.8999 10.6066 
 0.1554  0.2905  0.0105  0.3233  0.0000  9.0259  0.0853  0.0159  9.5733  0.0026 
 0.1977  0.0000  0.0250  0.0000  0.0002  0.0465  0.0000  0.0274  0.5011  0.0874 
 5.1823  9.5770  0.0000  0.0014  0.0971  0.0001  0.0026  0.0033  0.5728  0.0001 
 0.0119  0.0000  1.8813  0.7952  0.0001  0.0013  0.0000  0.0000  7.6369  1.5717 
 0.0427  2.7268  0.0000  2.9924  0.0209  0.0319  0.7126  0.0046 11.8582  0.0098 
 0.0000  0.1898  0.0000  0.0000  1.0487 15.4238  3.5936  0.0050  1.2608  0.0000 
 0.0415  0.0283  3.2048  4.0745  0.0068  0.0000  0.0009  0.0020 13.1314  0.1235 
 5.2539  0.0000  1.0213 11.2265  0.0801  0.0001  2.1429  0.0001  0.0177  1.8809 
 2.3429  0.0000  0.0000  0.0962  0.0068  0.0000  0.0000  0.5625  0.0001  0.0011 
 2.2489  0.0000  0.0054  0.6313  0.0247  0.9192  2.3429  0.0004 19.5503  1.6372 
23.5952  0.0014  0.0004  0.0000  0.7178  0.0076  0.2165  0.9712  0.0435  0.0000 
 0.0000  1.7742  0.0000  0.0000  0.0006  0.0023  0.0000  0.1278  9.0403  0.2557 
 4.3682  0.0977  1.0347  0.0020  0.0094  0.0120  0.0000 16.6759  0.0063  0.1056 
 0.1837  7.8531  0.0007  0.0000  0.8716  2.7131  0.0072  2.7450  0.0073  0.2196 
 0.0001  0.1076  0.2221  1.0432  0.2020  0.4005  0.0002  0.2183  1.2265  0.1778 
 0.0001  0.9697  0.0021  1.1522  0.0002  0.3341  0.0000  0.1747  0.0004  3.3023 
 7.7576  1.8202  0.0014  6.1458  0.0000  0.0000  0.0007  0.0000  0.0000  0.0002 
 0.9904  0.0105  0.0066  0.0001  2.7812  0.0000  0.0000  3.4281  1.1310  5.4054 
 0.0015  0.0118  0.1019  0.0010  0.0000  0.0101  0.0473  0.4070  0.4771  0.1292 
 2.1055  0.1176  0.0703  0.0002  0.0256  0.0008  0.1031  0.0056  0.0034  8.2012 
 0.0006  0.0670  2.1197  0.0038  0.6390  0.0000  0.6250  0.0000  2.8082  0.0033 
 2.3542  0.0005  0.0167  0.0001  0.0028  5.8088  0.0095  3.0629  0.0973  0.0272 
 1.6057  6.6695  4.9261  0.0329  0.0000  0.0001  0.0103  0.0000  0.2959  0.8572 
 0.0000  0.0512  3.0027  0.0031  0.7378  0.0022  3.5256  0.0001  0.1642  0.0000 
 2.6576  0.0568  0.4505  0.0129  0.0284  1.1976  0.1007  0.4494  0.1792  0.0381 
 0.0000  0.0290  0.8462  0.2253  0.0006  0.0000  4.7505  0.0162  0.0004  0.0002 
 0.0001  0.2014  7.1160  1.5754  0.0081  0.6553  1.6294  0.4096  0.5819  0.2082 
 1.4952  0.0004  0.0000  0.9745  2.0893  0.0937  0.0028  2.1252  0.0091  0.1006 
 3.0745  0.0104  0.2363  2.5326  7.4319  0.0030  0.0000  2.1752  0.0002  0.0000 
 0.0022  0.9667  0.0302  0.4606  1.3195  0.2167  0.0939  0.0003  0.0000  1.0454 
 0.0115  0.0722 16.5429  0.0259  5.7178  0.3660  0.2278  0.0040  3.6186  0.1537 
 0.2226  0.4749  0.0017  0.0035  0.0000  0.0000  0.8553  0.0001  0.0001  0.0000 
 0.0063  0.0000  0.0314  0.1026  0.3523  0.0001 16.7313  0.0004  4.2623  0.5738 
 0.0922  0.1103  0.5699  0.0000  1.4957  0.0000  0.0025  0.0000  0.0020  0.0008 
 1.0902  5.7012  3.6348  0.0000  0.0092  6.7658  0.0581  0.0002  0.0000  0.2754 
 0.0186  4.2437  0.0001  1.4734  0.0000  0.0000  0.2840  1.9877  0.1954  0.0212 
 1.0072  0.5346  0.2528  0.0003  1.1060  1.1874  0.0000  0.0326  0.6977  0.1930 
 0.0601  0.0006  0.0642  0.0393  0.0037  1.1769  1.9049  0.0000  0.0022  0.3755 
 0.0007  0.0026  0.0022  0.0401  0.3175  0.0883  0.0008  0.0127  0.8173  0.0000 
 0.2008  0.9586  0.3114  1.5043  9.4195  0.0000  1.4992  0.0037  0.0000  2.5576 
 3.0180  1.6380  1.7692  0.8273  0.0371  0.0192  0.0243  0.0203  0.3093  0.0025 
 1.4371  0.9235  1.3486  0.0000  1.3325  0.2589  0.2849  0.0088  5.2953  2.0860 
