
Rates for sites

[replicate 1]
 0.0020  0.0146  0.1876  0.0172  2.3113  0.0133  0.0006  0.0121  0.1162  0.7958 
 5.0212  0.0067  0.0191  0.3228  0.0145  0.0322  0.0000  1.8683  0.1957  0.0004 
 0.0002  0.0000  0.6392  0.5177  0.1922  0.3725  0.5755  0.9013  0.0044  0.0000 
 0.0278  0.0686  6.4490  2.3990  0.3518  0.0491  0.0002  3.2304  0.0000  0.0005 
 0.0874  0.0002  0.0014  0.0000  0.2418  0.0593  0.1455  1.1550  2.1985  0.0006 
 2.5094  0.2879  0.0000  0.0000  0.8281  0.0000  0.1986  0.0282  0.2016  9.5942 
 0.0022  0.0000  0.0000  0.0000  0.0005  0.3173  1.4623  0.0034  0.0282  3.0476 
 0.0000  0.0001  1.0591  0.0228  0.1710  0.0881  0.0028  0.0008  0.0000  0.0000 
 0.0000  0.0305  0.7249  0.0001  0.0002  0.0014  1.8772  0.0004  0.0250  0.4234 
 1.3464  7.1863  0.0218  0.4142  0.0010  0.0030  0.0000  0.0018  0.0129  0.0145 
12.4373  0.0339  0.0635  0.0066  2.8309  0.1624  0.2690  1.4491  0.0005  0.0561 
 0.0505  0.0900  0.3075  1.3481  0.0000  0.0000  4.9466  0.2687  0.0000  0.0170 
 2.2177  0.0079  3.7309  0.0243  1.0759  0.0071  0.0002  0.0018  0.0789  0.1925 
 0.0071  0.3612  0.0010  0.0000  0.1682  0.0002  0.1147  0.0594  0.0248  0.0636 
 4.1511  0.0000  0.1075  0.9508  3.3602  0.0000  1.6333  0.0009  0.2478  1.7430 
 1.2129  0.0438  0.0000 17.9323  0.0847  0.0000  0.1159  0.3602  0.0032  0.0139 
 0.0010  0.0052  0.0002  0.3424  0.0000  0.0025  0.8415  6.9675  0.0024  0.5359 
 0.0005  0.0635  0.4455  0.0972  5.3061  0.0000  0.1729  0.0953  0.0000  0.0022 
 0.0000  0.0001  0.1079  1.3114  1.7443  0.0000  6.8224  0.0000  0.0036  0.0313 
 0.0776  0.4676  0.2685  0.4752  0.0073  4.5812  0.5000  0.0000  0.1169  0.0000 
 0.0000  2.5857  0.0180  0.0005  3.8711  0.0000  1.4478  0.2997  0.1400  0.0259 
 0.0001  0.0000  0.0001  0.0918  0.0002  0.0206  0.0827  0.0000  0.0339  0.0028 
 5.3578  0.5735  0.1529  0.0290  0.0008  0.0409  7.2118  0.1120  0.1042  0.0241 
 0.0108  0.0043  2.8418  0.0001  0.2064  0.0000  0.0000  1.8303  0.3247  0.0000 
 0.0414  0.0000  0.0003  0.0000  2.2113  0.0091  8.6059  0.0004  3.2114  0.0082 
 0.0071  2.2994  1.2161  2.1666  0.6680  0.2812  0.1127  3.2196  4.8882  0.0913 
 0.7834  0.0000  3.0196  0.2517  0.0000  1.2157  1.9241  0.0001  0.0496  0.0002 
 0.0522  4.8499  2.8928  0.0368  0.0049  0.0000  0.0000  0.0022  0.0000  8.0971 
 2.4153  0.0057  0.0020  0.0020  0.0000  0.0003  0.0001  0.6581  0.0000  0.0000 
 0.0000  0.0001  1.6241  0.0961  0.0000  0.0000  0.0001  0.0001  0.1969  0.4844 
 2.9432  0.1566  1.3238  0.0332  0.0013  0.7781  0.0025  1.1406  0.0079  0.0008 
 0.0000  0.9992  0.0014  0.4422  0.0165  0.0315  0.0127  0.8749  1.2920  0.9586 
 0.0000  8.1116  2.8612  3.0228  0.0000  3.3428  2.9188  0.0039 11.7017  2.5901 
 0.0000  0.0006  0.0719  0.1435  8.1232  0.8869  0.0023  0.1911  0.0712  2.4282 
 0.6937  0.0662  0.4073  1.1015  0.0905  0.0137  0.0000  7.6917  3.1311  0.1047 
 0.0516  0.0088  0.0155  0.8688 18.4609  1.9304  0.1576  0.0000  1.5291  0.0004 
 4.1195  0.1494  1.1318  0.0828  0.8156  0.0021  1.6768  1.0685  0.2202  0.0045 
 1.2915  0.1007  0.0002  0.0000  1.5208  0.0000  0.6190  0.3995  0.0140  0.6277 
 0.5450  0.0000  0.0994  0.0000  2.3035  0.0011  1.8507  0.0000  0.5606  0.0346 
 0.0034  4.7425  3.6054  0.4857  0.6075  0.0001  0.0034  0.0043  0.0301  0.0013 
 0.7702  0.0000  0.0000  0.0000  0.0712  2.2776  0.0015  0.0009  0.0002  0.0000 
 0.0709  0.0000  0.0064  2.2978  0.0020  0.0117  0.0711  0.0000  1.5994  0.1925 
 0.1776  0.9256  1.3473  0.0161  0.0000  0.0107  0.3697  0.0010  1.2030  0.0135 
 0.0027  0.0001  0.1292  1.7746  0.0000  0.0000  0.0000  0.0000  2.3358  0.0000 
 0.0000  0.1708  0.0076  0.0356  2.0702  0.0000  0.0019  0.4184  0.1522  2.5553 
 0.5127  4.3027  0.0000  0.0000  1.2529  0.0000  0.7247  0.0884  0.0003  0.0000 
 0.2512  0.3169  0.0147  0.0000  4.3345  0.0001  0.7471  0.1265  0.0000  1.3185 
 0.0002  0.3319  4.9367  0.4416  0.3186  1.3598  0.0008  0.0000  0.0041  0.0006 
 0.0118  0.0000 11.3282  0.1133  0.0075  1.6937  2.7445  0.0044  0.4396  0.0000 
 0.6437  0.0001  0.0413  0.0001  0.0000  0.0000  0.6345  0.0000  0.0061  0.0435 
 0.0001  4.9713  0.0000  0.1370  0.0048  0.1002  0.8088  0.3886  0.0000  0.0481 
 0.0000  0.2575  1.1435  0.0002  2.7178  0.8358  0.3928  8.1785  0.0000  0.0002 
 0.6654  0.0000  0.4604  0.0002  0.0003  0.0281  1.1174  0.0007  0.0000  4.1926 
 0.0000  0.0523  1.1010  0.0087  0.0010  0.0801  0.0088  0.0917  0.0002  0.3082 
 0.0002  0.0375  0.1233  0.0095  2.6433  0.0012  0.3971  1.3304  0.0000  0.0950 
 0.1459  0.0027  0.0000  3.4031  7.3132  0.0000  0.6210  0.3229  0.0000  0.0196 
 0.0000  1.1365  0.0003  0.0000  0.0000  0.0039  0.0125  0.0001  0.0006  0.0000 
 0.0066  0.0930  0.7317  4.2044  0.0010  0.0400  0.7882  0.4586  0.9593  2.2573 
 0.0000  0.0003  0.0006  7.1503  0.0034  0.0000  2.5389  2.2917  0.1441  0.0003 
 0.0622  0.0785  0.0000  0.0002  0.0001  1.3174  0.0775  0.0022  5.1266  2.2615 
 1.1481  0.0000  5.1860  0.6189  0.0550  0.0000  0.1388  0.0000  0.0589  6.3988 
24.3629  0.0001  0.0000  0.0001  0.0001  0.2976  1.2004  1.9065  7.1472  0.0000 
 0.1071  0.0011  2.6515  0.0025  0.0009  0.0028  0.0000  4.7863  0.0046  0.0000 
 3.4781  0.0329  0.0334  0.0000  0.0902  0.5487  0.0000  0.0538  0.0000  0.0000 
 0.0016  0.0028  0.0000  0.9127  0.0000  1.8037  0.0148  0.1721  0.0000  0.0000 
 0.0000  0.0006  2.6294  0.0002  0.9420  0.0763  0.1130  4.1852  0.0012  0.2073 
 0.9364  0.0026  0.0000  0.0001 11.5562  0.4361  0.0000  1.5559  0.0022  1.5156 
 0.0019  0.0076  0.0000  0.0022  0.0000  0.0000  0.3677  0.0001  0.2415  0.0004 
 1.7615  0.0050  7.7453  0.0997  0.0000  0.0054  0.0132  7.9392  0.3074  0.0000 
 1.4975  0.0008  0.1175  0.0000  0.0035  0.0000  0.0001  0.3678  0.0004  0.0008 
 0.1760  0.0372  0.1352  0.0002  0.7980  3.8093  0.0000  3.6860  1.1905  1.4142 
 1.4969  0.0001  0.0000  0.0000  0.0009  0.1024  2.1075  0.0041  0.0582  3.1106 
 0.6290  2.3583  0.0883  5.1759  0.0000  2.7018  3.2963  0.0013  0.1178  0.0229 
 0.7141  0.8925  0.0008  1.5516  0.0051  0.0053  0.0000  0.0000  0.0026  0.0137 
 0.3271  2.7934  0.0000  0.3985  0.0926  0.0113  0.0000  0.6554  1.2999 19.0613 
 0.2009  7.8668  0.0000 18.1099  0.0029  0.1666  0.0000  0.2625  1.0136  0.0988 
 0.0111  0.0000  0.0084  0.0001  5.8577  1.5342  0.3723  0.0097  0.0000  8.5427 
 0.0496  1.7809  0.0000  0.0000  0.0005  1.2291  0.0000  0.0000  0.0145  0.0000 
 0.4898  0.0000  1.4550  0.0000  0.1725  0.4317  0.0017  0.0006  1.9576  0.0001 
 0.0000  0.1093  6.3385  1.6066  0.0000  0.0001  0.0020  0.0252  0.0094  0.0006 
 0.0082  0.0013  0.0167  0.0003  6.2116  0.1812  0.0000  5.2650  0.0038  0.4060 
 1.7896  0.0000  0.0033  0.0000  0.0006  0.0036  0.0001  0.2398  0.7144  0.5617 
 0.0265 18.2201  0.9739  0.5177  3.7356  0.0531  4.2728  0.0002  0.0003  0.0006 
 0.0762  5.0453  0.0400  0.0028  4.6275  0.0004  0.0000  0.0000  0.0016  0.0204 
 0.0000  0.0000  0.0001  0.1852  1.4313  0.0186  0.0048  1.4086  1.2704  0.0005 
 0.0624  0.1163  0.1131  0.0002  0.9180  4.5318  0.0033  0.7985  0.6859  3.2404 
 0.2279  1.2064  0.0000  0.0002  0.0006  0.0060  0.0014  0.0414  0.0000 16.4448 
33.4053  0.0018  0.0171  1.3693  0.0002  0.4104  0.0026 10.5636  0.1143  0.0172 
 2.0485  0.0087  0.1101  0.0036  4.7229  6.3018  0.1247  1.5055  0.0006  1.3083 
 3.6448  0.0060  0.8437  0.0126  0.0000  0.1826  0.0001  0.0001  0.1146  0.9910 
 1.6449  0.0001  0.0051  1.5708  0.0701  0.0017  0.9046  0.0020  0.0059  7.2855 
 2.3418  0.3561  0.0025  0.1700  1.1028  0.0004  0.3681  0.2841  0.0027  0.4071 
 2.0282  0.0000  0.2102  0.0017  0.0074  0.0014  0.0000  0.0000  0.0000  0.0001 
 0.3159  2.3172  0.0000  0.0568  0.0019  1.2023  0.6205  0.2989  0.0058  0.0021 
 0.0054  0.0024  0.0000  1.2404  0.0000  0.0063  0.0090  0.1611  6.2704  0.0075 
 0.1173  0.0070  0.0000  0.2485  0.0467  2.0226  0.6180  0.3022  0.1684  1.1618 
 0.0000  0.0004  0.2272  0.0036  0.0124  4.8750  0.0073  4.9218  0.0017  0.0000 
 5.6683  6.4184  0.0000  0.0429  1.1445  0.1241  0.0086  4.3744  0.0130  0.0005 
 0.2044  0.0000  0.0089  0.0000  0.0000  0.0000  5.1971  0.0381  0.6339  0.0000 
 0.0001  0.5529  0.1415  0.0004 12.5625  0.0006  0.0141  0.0000  0.0000  0.0001 
 0.0350  0.1596  1.0281  0.0055  0.3756  0.0001  0.9072  0.0000  0.0003  5.1831 
 0.8121  0.0000 17.7796 14.3566 15.5689  0.0002  0.0000  1.5134  0.1655  0.0453 
 0.0066  0.7900  0.0004  0.1970  0.0002  0.1064  0.0000 14.4600  0.0000  0.8038 
 0.8213  4.1904  0.1284  0.0000  3.1977  4.1046  7.9135  0.0358  0.1206  0.0159 
 2.9483  0.0000  0.0074  0.0000  0.2796  0.0006  0.0024  0.5967  0.1393  3.8897 
 0.8490  0.0221  0.1948  4.9098  0.0041  0.0001  0.2561  0.0000  0.0133  0.4264 
 0.0000  0.0077  0.0000  0.0000  0.0000  0.6708  0.0013  0.0004  0.6806  0.0001 
 0.0000  0.3868  5.5519  1.6939  0.1254  0.1538  1.8948  0.7712  0.0736  3.4984 
 0.0000  0.0027  0.0000  0.0002  0.0010  0.0693  0.0340  1.2439  0.0336  0.0024 
 0.0067  0.0003  0.0060  0.0019  4.0199  3.9117  0.0001  0.1722  0.0028  0.0001 
 1.2061  3.0396  0.0016  0.4517  0.0000  0.6957  1.3648  1.7032  0.0011  0.0888 
 7.4100  0.0052  0.1434  0.2096  0.0731  0.1560  0.0000  0.1744  0.0128  3.0812 
 2.5812  0.0553  7.8112  0.0018  0.0003  0.0003  0.1380  0.2652  0.0100  0.1488 
 0.0025  8.9963  3.1696  0.1357  0.0205  0.0159  5.2958  0.0031  0.0001  4.1190 
 0.0000  0.2114  0.6711  0.1011  0.0000  0.7791  0.0581  1.5003  0.0000  0.9789 
 0.0023  0.0141  0.4264  0.1189  0.0026  0.0000  0.0258  0.0048  9.5795  0.0912 
 2.0112  0.0123  0.1186  0.0309  0.1405  0.3397  0.0000  0.0177  3.2115  0.0981 
 3.3271  0.0060  0.0016  0.0066  0.0654  0.0001  1.0661  0.0001  0.4471  0.1906 
 0.0000  3.4209  0.8894  0.9820  0.0002  0.0000  0.2077  0.8558  0.0033  0.0948 
 0.5139  0.0000  0.0000  0.1706  0.0024  0.3212  0.0000  0.0012  0.0000  2.4916 
 0.3886  1.0990  0.0000  1.1604  2.2894  0.0002  1.9020  0.0000  0.0369  4.6644 
 0.3670  0.8752  0.0000  0.0000  7.8796 11.0285  0.0000  0.1192  0.6562  0.0262 
 0.2571  0.0000  0.0060 12.1865  0.1281  0.6213  0.0024  0.0446  1.7037  5.7852 
 0.0000  0.0001  0.0000  4.5540  2.1994  0.0986  0.2457  0.1315  0.0047  0.1380 
 0.0000  0.0976  0.0059  0.0193  0.0071  0.0317  0.0082  0.0202  0.0601  0.7557 
 0.0038  0.2704  0.0000  0.0005  0.0346  0.4237  0.0000  0.5094  0.0400  0.0001 
 0.2026  0.0006  1.9966  0.0085  0.9069  1.8715  0.1002  0.3153  0.0541  0.0031 
 0.0350  0.0000  0.8727  0.3549  0.0536  0.0104  0.5512  7.0548  0.0016  1.9871 
15.9130  9.0495  0.0000  0.0000  0.0000  0.7633  0.1634  0.2436  1.0577  0.7231 
 0.1348  0.0110  0.0388  0.0000  0.6413 15.0377  0.0438  0.2921  0.0910  0.0065 
 1.9347  0.2377  0.0000  0.3244  0.0185  0.0997  1.9758  0.0218  0.0004  0.0048 
 0.0423  0.0252  0.0025  3.7830  0.0000  0.1633  0.0626  0.0000  0.0372  0.0003 
 3.0272  1.9789  0.0641  4.3199  2.1157  0.4382  0.6532  0.0004  3.1131  0.4039 
 0.0000  0.0248  0.0007  0.0000  0.9473  1.7805  0.0322  0.3606  0.0096  0.0402 
 0.0000  0.0597  0.3148  0.0000  0.4788  0.0002  9.8279  0.0000  0.0013  0.0000 
 0.3651  0.0059  0.0154  0.0147  0.0000  1.1852  0.0176  0.0375  0.0170  0.6575 
 0.0011  0.0000  0.0365  8.7831  0.0000  0.0005  0.0000  4.5889  1.3054  0.0120 
 0.0155  0.0238  0.0224  0.5314  0.4490  0.1955  0.0072  0.0000  0.0000  0.0155 
 6.9300  3.3549  4.6787  0.1304  2.0139  0.0004  0.9430  3.8500  0.0000  0.0008 
 0.5350  0.0001  0.5485  0.0164  1.2258  0.0000  0.1372  0.3917  0.0001  3.3489 
 0.0010  0.0000  0.0000  0.0174  0.6176  2.7833  0.0388  0.0000  0.4841 12.9790 
 0.1077 15.7764  6.1582  1.7229  0.0000  0.0000  0.0090  0.0002  0.0000  0.1002 
 2.8803  0.0152  0.0004  0.0000  1.6366  1.5608  6.0057  0.1136  3.5039  0.2470 
 0.0000  0.0028  0.0000  2.5041  0.9861  5.3818  0.7130  0.0001  0.0016  0.1198 
 0.1698  0.0000  0.9057  0.0716  0.6185  0.9044  0.0162  0.1970  0.2911  0.0856 
 2.7098  0.0001  0.0000  1.0791  0.0000 35.5003  0.0426  1.7227  0.1681  2.5940 
 0.7161  1.8152  0.0047 11.4217  0.0176  0.0441  4.9127  0.5729  0.2151  0.0315 
 0.0002  3.3963  0.0000  3.3753  0.0000  0.0586  0.2039  0.0667  0.0000  0.0061 
 0.0000  3.0643  0.1298  2.1444  0.3737  0.1560  0.0003  0.0002  8.4398  0.0001 
 0.0001  0.0150  1.5459  0.0000  1.2537  0.0675  0.8841  0.0000  0.0000  0.2095 
 0.5159  0.0000  0.0011  0.0000  8.5868  0.0003  2.7052  0.1531  1.3277  5.3311 
 0.0000  0.8152  2.1546  0.0002  0.0315  5.7853  0.0011  1.5225  0.6007  0.0387 
 0.0008  0.3161  0.0001  2.6766  0.0057  0.0397  0.0211  0.0000  0.0001  2.0192 
 1.6778  2.4808  7.2110  0.0344  0.0000  0.0020  0.1401  0.2211  4.4142  0.0001 
 0.0005  0.0000  0.0000  2.5579  6.9433  0.0029  0.0008  0.0000  0.0068  0.0000 
