
Rates for sites

[replicate 1]
 0.0748  0.0000  0.0000  0.0001  0.0060  0.8864  0.0001  0.0000  0.1526  0.8046 
 0.0000  0.0335  0.0000  0.0000  0.0000  0.8953  4.6664  0.3299  0.0000  0.0243 
 0.7119  0.0308  0.0292  1.0459  1.5679  0.0000  0.0017  0.0198  0.0024  2.2353 
 0.0061  0.1389  3.1325  3.3474  0.0492  0.2098  0.3952  0.0017  0.0000  0.0000 
 0.0004  0.8131  0.0008  0.0208  0.0014  0.6586  5.9192  0.4075  1.0646 12.4916 
 1.3098  0.3899  1.5171  0.0007  1.9568  0.3966  0.5362  0.0099  0.0001  0.0000 
 0.2117  0.0886  0.1007  0.0000  0.0642  0.1210  0.0241  1.4600  0.0017  1.3302 
 7.7208  0.0111  1.5860  5.8619  0.4246  0.6633  2.9277  0.0752  0.3531  0.8217 
 0.0000  0.0644  0.0441  0.0041  0.0141  0.0323  0.0068  0.4282  2.4752  0.0095 
 0.0000  0.0535  0.0012  0.0969  0.0189  2.7263  0.0805  0.0005  1.8391  0.1088 
 0.0000  0.2407  0.0017  0.0001  0.1347  0.3423  0.0035  0.3443  0.0192  0.0048 
 0.3712  0.0002  0.3530  0.1419  0.9676  0.0246  8.9199  0.7834  0.7260  0.5816 
 1.0251  2.0286  0.0641  0.6138  0.0000  0.0000  0.4941  4.0999 11.2033  0.0005 
 0.0000  0.0000  0.0080  0.2154  0.0000  0.0737  0.0030  0.0023  0.3733  0.0000 
 0.0000  0.0000  8.8366  0.0075  0.0000  0.0004  0.0000  0.0000  0.0323  1.1141 
 1.4617  0.0737  0.0049  0.0107  0.0475  0.0000  0.3828  0.0001  3.6353  0.1841 
 0.0036  1.0949  0.8960  0.0054  0.0000  0.0000  0.9975 25.0704  0.0023  0.0484 
 0.0000  0.0007  0.0000  0.0003  0.0921  0.0023  0.0209  9.7039  2.0052  0.0002 
16.4525  0.2035  0.0994  3.6396  0.0000  0.1828  1.6696  0.0064  0.0001  1.6168 
 0.3793  0.0000  0.0015  4.0648 18.4199  0.0049  0.0455  7.5579  0.0388  0.0000 
 0.0000  1.1516  0.0045  0.0031  0.1234  0.0607  7.0503  0.0012  0.0517  0.0001 
 0.0051  0.0004  0.4158  0.0475  0.0004  0.0235  0.0321  0.0033  0.0409  0.0000 
 0.0409  0.0000  0.0008  0.0066  0.0027  0.3791  0.0334  0.3474  0.1603  0.1480 
 0.4732  0.0002  1.9617  0.0000  0.0273  0.0943  0.0035  3.6279  0.1701  0.0000 
 0.0000  0.7555  0.6411  0.0009  0.0047  0.8065  0.3725  0.4572  0.0290  0.0463 
 1.6843  0.6143  0.1826  0.2370  0.0061  0.0208  0.0004  0.0071  0.0001  0.0068 
 0.0001  0.0002  0.2555  1.2214  0.4052  0.0000  0.0030  0.2132  0.0001  0.0338 
 2.2107  0.0962  0.0460  0.0048  0.0000  0.2289  0.7133  0.0000  1.9833  0.0147 
 0.0523  0.2074  5.9425  2.8469  0.0116  0.1887  0.0094  0.0593  0.0037  1.5153 
 0.4922  0.0414  0.1292  2.3940  0.4208  0.0168 15.9216  0.0838  0.0048  0.0042 
 0.0000  0.0063  0.1400  0.1647  0.0000  0.0022  0.0001  1.9156  4.4873  0.0213 
 0.0001  0.0000  0.9239  0.9755  0.2089  0.4506  0.7218  0.0094  9.0905  0.0047 
 0.0000  0.6868  0.0004  0.0000  0.0001 10.4953  0.0011  0.0000  1.4806  0.0004 
 0.0059  2.0912  0.0461  0.0009  2.4430  0.6392  2.9685  0.0035  0.0821  0.0070 
 0.0218  0.0738  0.0705  2.8818  0.6008  0.0938  0.0118  0.0000  0.0021  2.9264 
 0.0005  1.4662  0.0183  0.0061  0.5203 15.0168  1.1217  0.0047  1.1492  0.0000 
 0.1630  0.0158  0.5458  0.4791  1.0845  0.0711  0.0061  1.4088  6.1615  0.0262 
 0.0000 12.4295  0.1526  2.1359  0.1597  0.0136  3.0213  5.4266  0.0494  0.0000 
 0.0010  1.4109  0.2967  0.0804 17.1418  0.0044  3.4305  0.0111  0.0835  0.0000 
 0.0675  0.0791  0.0173  2.7910  0.0000  0.0001  0.1249  0.1073  0.0980  2.8696 
 0.2531  0.0147  2.5944  2.3385  8.1391  0.1381  0.1123  0.1372  0.0088  0.0000 
 0.0000  0.2203  0.0224  0.2190  0.0028  0.0258  0.0004  0.0003  0.0001  0.0022 
 0.3323  4.5004  0.0209  0.0000  0.0078  0.0364  0.0182  0.4688  0.4243  0.4266 
 0.2116  0.7697  0.0139  0.0007  0.0472  0.0000  0.0002  0.0007  0.0012  0.0583 
 0.0010  0.0000  0.0095  0.0000  0.7506  1.5874  0.0000  0.0265  7.6929  0.8950 
 0.0037  0.1947  0.0000  0.0102  0.6605  0.0000  0.0006  0.1807  0.8764  1.4019 
 0.0526  0.0000 10.1230  0.0003  0.3791  0.0971  0.0068  2.9477  0.0005  0.0050 
 0.5813  0.0033  0.0452  0.0784  0.8578  0.2306  0.0122  0.0025  0.0772  1.6489 
 1.7293  0.0000  1.9713  0.2198  0.0003  1.1481  0.0000  0.0522  0.0036  2.8598 
 0.2641  0.0533  0.0426  0.0000  0.0000  0.3444  0.0000  0.0001  0.1787  1.0137 
 0.0000  0.3510  0.0358  0.0071  0.0142  0.0727  0.0047  0.2796  0.4635  0.2620 
 0.5476  0.0007  0.0387  0.6366  0.0016  0.0991  3.2646  0.0197  0.0064  0.2328 
 0.3385  0.0000  2.4323  0.0320  0.5179  0.6410  0.0010  0.1903  0.0002  0.0000 
 0.0328  1.3046  0.0000  0.0009  0.2125  0.0012  2.9463  0.0000  0.0000  1.7804 
 2.9134  0.0012  0.1547  0.0004  5.4347  0.1492  1.7577  5.9293  0.0004  0.0063 
 3.1553  6.4651  7.0905  3.9807  0.2262  2.1370  0.0341  0.0000  0.5096  0.0260 
 0.0002  0.0287  0.0090  0.0002  0.0000  0.5578  9.6654  0.0001  0.0001  1.6832 
 0.0000  0.0368  1.2885  0.0000  0.0318  0.3018  0.0663  1.9994  0.0036  0.0001 
 0.0373  0.0000  0.1765  3.4087  0.1148  0.6108  0.0315  0.4800  3.3883  4.3480 
 1.3618  0.3177  0.0010  0.1958  3.4115  0.0214  0.0860  0.0152  0.0014  0.0309 
 0.0000  0.0296  0.3692  0.7113  0.0227  0.4718  0.0349  0.0000  1.2726  0.0000 
 0.0058  4.1851  0.0844  0.0000  4.1131 16.9779  0.0000  0.9490  0.3249  0.0222 
 0.1570  0.1356  0.4539  3.5204  6.0451  0.0000  0.0000  0.0000  0.0020  0.0032 
 6.5790  0.0074  0.0000  0.0001  0.0440  0.1450  0.0000  0.0008  0.0000  0.0122 
 0.0045  0.0000  0.0075  0.0017  0.0218 11.2254  0.0051  0.0311  0.0000  0.4386 
 0.7113  0.0042  0.0742  0.0062  0.0702  0.0009  3.3582  0.5278  0.0058  0.1548 
 0.0004  0.0000  0.0012 10.1198  0.4678  0.0001  0.0001  0.4543  0.0013  0.3399 
 0.0000  0.0022  2.0333  0.0307  1.6339  0.0000  0.0491  0.0010  0.0175  0.2162 
 0.2616  6.7737  0.0181  0.0018  0.0165  0.6516  4.2602  0.1061  0.0658  0.0000 
 0.0380  0.4757  5.4144  0.0003  0.0000  1.9058  0.4707  1.2971  0.0215  0.0000 
 1.8267  0.0166  0.1839  6.0325  0.2852  0.0707  0.0001  0.0000  0.0000  5.3522 
 0.0143  4.0348 14.4404  2.6407  0.0000  0.9862  0.0493  0.0042  0.1482  0.9111 
 0.0841  0.5113  0.1850  0.6018  0.0320  0.0174  0.0248  3.9960  0.0006  0.0002 
 0.4830  0.0000  0.0000  0.0001  0.3694  4.7504  1.0011  3.5629  0.0636  1.5018 
 0.0017  0.0027  4.2668  0.7526  0.0052 17.1998  0.1397  2.5324  0.0000  0.0057 
 0.0095  0.0033  0.6883  0.0060  0.0000  0.0010  0.0068  0.0037  0.1203  0.1152 
 0.1520  0.0000  0.0000  0.0643  0.0113  0.0000  0.0221  5.3352  0.6089  0.1262 
 0.0010  0.0034  0.8323  0.0082  0.8043  2.2079  0.0175  0.0000  0.0195  0.0061 
 5.5932  0.1561  0.0008  0.0000  0.0612  0.1708  0.0545  4.2209  3.7657  0.1655 
11.4367  0.0000  0.1712  0.0000  0.0082  0.0003  0.0488  0.0358  0.0005  0.1363 
 0.0471  0.1319  0.0000  1.7529  0.0001  0.0476  0.0000  0.0000  0.0014  0.0000 
 0.0000  0.0000  0.0067  0.0002  1.5767  0.5158  0.0000  4.4178  0.0002  5.5545 
 0.3703  0.2623  0.0066  0.0073  1.6468  0.0000  0.0031  0.0043  0.0876  6.6098 
 0.0899  7.9601  0.0008  0.1077  0.0081  0.0606  0.0000  0.4260  0.0016  0.0000 
 0.0001  0.0387  0.0001  0.2537  0.4960  0.0000  0.3582  0.1710  0.9769  0.1296 
 0.0294 27.9900  0.0001  1.4282  0.0319  0.0602  1.6651  0.2775  0.0000  0.0000 
 1.3671  0.0310  0.0023  0.0000  1.2098  6.8283  0.0008  0.0005  0.0000  0.0003 
 0.0284  8.8307  0.2371  9.9040  0.0000  0.0027  0.4790  0.0037  0.3201  2.0433 
 0.0274  0.0000  0.2296  1.0707  0.8725  0.0589  0.0440  0.7394  6.3109  0.1312 
 1.4367  0.0003  0.3269  1.9592  0.0142  0.3166  0.0000  1.3096  0.0104  0.0000 
 0.5341  0.0000  0.0000  6.3601  0.0001  0.0009  0.0025  0.0023  0.0010  0.7805 
 2.9173  0.0012  0.0667  0.0004  2.1276  0.0023  0.0894  0.0387  0.1472  0.0000 
 0.0000  2.6955  0.0007  0.0000  0.0341  0.0010  8.6496  1.3420  0.0069  0.0051 
 0.0014  9.4122  0.0000  0.7227  0.0000  0.0000  0.1132  1.0467  3.2598  0.0755 
 0.0000  0.3440  0.7530  0.0000  0.8735  0.1568  0.0002  0.5015  0.0578  2.7932 
 0.1102  0.2770  0.2002  0.0009  0.1427  0.0021  5.4813  0.0000  0.0000  0.1298 
 0.0000  0.0007  0.1170  0.0000  0.9249  0.0000  0.0023  1.9811  0.6786  0.0002 
 0.0000  0.6110  0.0018  0.1974  0.0000  0.0000  0.0000  4.4822  1.9540  0.0138 
 0.0656  0.0003  0.0000  0.0228  0.0049  0.0001  0.0057  0.0393  0.1477  0.0130 
 0.0000  0.0008  3.3071  4.6371  0.0001  0.0000  0.0000  0.3599  0.2835  0.0018 
 0.0000  0.1533  0.0104  0.0056  0.0495  0.0855  1.8192  0.0422  1.6148  2.2567 
 0.0018  0.0355  6.4847  0.0028  0.0001  0.1455  0.0090 31.8409  0.5378  0.0015 
 0.0640  0.0002  0.0145  0.0189  3.7747  0.0000  0.3468  0.1377  0.0121  0.0025 
 4.8027  0.0669  1.1438  0.6828  0.0008  0.0000  2.3229  0.0892  0.1071  0.0029 
 0.0000  1.2861  0.1692  0.7549  0.0051  0.0030  0.0010  0.0036  0.0211  0.0000 
 0.3791  8.8023  7.3212  0.2788  0.0000  5.3708  2.9061  0.2210  7.1651  3.0023 
 0.4050  0.0000  0.0003  0.0001  0.0001  2.3917 13.9684  0.0000  0.0000  0.0000 
 0.0051  0.2205  0.0325  3.4964  0.5781  0.0035  3.5498  1.5525  0.0039  5.7591 
 0.0007  0.0125  0.0002  0.9633  0.1003  0.0000  0.0074  1.0500  0.0000  0.0012 
 0.0236  0.0252  0.0099  0.8055  0.9012  0.0108  2.2022  0.0054  6.2023  0.0000 
 0.7222  2.9520  0.0006  1.7829  0.0184  1.2758  0.1067  1.7522  0.0000  0.4726 
 0.0004  0.0526  4.9423  1.4600  0.0000  1.2440  0.0001  1.8985  0.0987  3.7692 
 0.0000  0.6045  0.0000  0.8021  0.7026  0.0001  0.4410  0.0048  0.0000  0.0010 
 0.1291  0.0001  0.0001  0.0011  0.0005  0.3156  0.7065  0.6429 14.9654  0.0218 
 0.0621  0.0033  4.1222  0.0108  0.0022  0.0007  0.1743  0.0000  0.0188  0.0543 
 1.5059  0.0007  0.0000  3.0007  0.6035  5.9810  0.3182  0.0034  0.0534  0.4165 
 2.3477  0.6039  0.0673  9.5369  0.0627  0.0099  0.9855  0.0003  0.0000  0.0990 
 0.0022  0.0000  0.0000  1.0830  0.0016  0.0112  0.0002  0.0000  0.2908  0.0045 
 0.0068  0.0096  0.1366  0.3576  0.3377  0.0000  0.9197  0.0744  0.0620  0.0028 
 0.0198  0.0441  0.0000  0.0014  0.0572  1.9344  3.8886  0.0012  2.1191  0.0000 
 0.0033  0.1080  0.1342  0.0013  0.8866  0.0000  0.1618  0.7864  0.9270  0.0011 
 0.0001  0.0091  0.2343  0.0002  6.6590  0.0388  0.0206  0.3693  0.0715  1.8717 
 0.0023  0.0002  7.8537  3.7472  1.0759  0.2606  0.0756  0.0049  0.0001  0.2676 
 0.0000  4.8364  0.0528  0.1694  0.0000  0.0000  0.9852  0.0058  0.0011  1.2046 
 0.5040  0.0037  0.0142  0.9680  0.0044  0.9382  0.0000  0.0000  0.0038  0.0110 
 0.0001  0.0130  0.0001  2.5656  1.7237  3.0113  5.7676  0.0060  0.0301  0.0080 
 0.0000  0.0000  0.0000  0.0010  0.0001  0.4796  1.3926  0.0000  0.0041  0.1548 
 0.0000  2.0465  0.4976  0.0000  3.4477  0.0010  0.0122  0.0000  0.0010  2.1521 
 0.2161  0.0000  0.0000  0.3121  0.0000  0.0894  0.0000  0.0001  0.0049  2.1880 
 0.0178  0.0000  0.1890  0.0251  0.5758  0.0000  0.0195  1.4497  3.4389  0.0000 
 0.0000  2.8776  2.9621  0.0002  4.1188  2.4168  0.0000  0.1438  0.0005  0.0160 
 0.0005  0.0000  1.2190  8.1800  0.1002  0.0000  1.9395  0.0002  0.0052  0.0647 
 0.4469  0.3985  0.0971  0.1063  0.0001  0.0209  0.0004  0.0311  0.0000  0.0002 
 0.0220  0.4429  0.0073  0.0775  0.1025  0.3371  0.0004  0.0000  9.4842  0.0000 
 1.1627  0.0022  0.1012  0.0000  0.0000  1.7038  0.0157  0.0000  0.0243  0.0488 
 3.4462  0.0003  0.0022  0.0000  0.0133  1.5331  0.1759  0.0619  0.0000  0.0014 
 0.0001  0.6991  0.0000  0.2072  0.0028  0.0004  0.0000  0.0119  0.0244  0.0000 
 0.0230  1.3980  0.1098  0.0000 13.5543  0.0128  0.0000  0.0001  0.0000  0.0000 
 2.8413  0.3156  4.8727  1.2997  0.0000  0.0001  0.4050  0.0629  0.0043  0.0026 
 0.0700  0.4252  0.2205  0.0000  6.0888  0.8130  0.0000  0.0002  0.0532  0.0239 
 0.2242  0.0147  1.0981  0.2936  0.0000  0.2054  0.0003  4.3813  0.0040  0.0003 
 0.0004  0.9322  0.0521  3.0206  0.0001  0.0068  0.0137  8.1405  0.0139  0.2224 
 0.1653  0.0000  0.0079  0.0021  0.0169  0.0000  0.5137  0.0188  0.0000  1.9652 
 0.1752  0.0028  0.0087  0.1251  0.0002  2.0330  0.0001  0.0593  0.8367  0.2045 
 0.9834  0.5899  0.0645  0.0003  0.0000 17.2190  0.1371  0.0566  0.0485  0.0023 
 0.0347  1.1845  0.0326  0.0936  2.7006 12.0460  0.0022  0.0012  0.2788  0.0000 
 0.5203  0.0044  0.0014  1.4333  0.0018  0.0002  0.0029  1.6812  3.5357  0.1037 
 0.2193  0.0008  0.0150  0.2703  3.7203  0.0000  0.9425  0.0577  0.0064  0.0001 
 1.7124  4.3204  0.0047  3.3073  7.0529  2.8174  0.0000  0.0011  0.5962  0.0000 
 0.0519  0.3518  0.0123  0.0081  0.5799  0.1724  0.4436  0.4960  2.0501  3.2331 
 0.0000  1.2625  5.1311  0.0484  0.0000  0.0001  0.0044  0.0000  0.1375  0.2513 
 0.6323  0.0173  0.1926 14.0789  1.6688  2.3253  0.7822  0.0111  2.9712  0.0000 
 2.4431 12.3996  0.0019  0.0104  0.0001  0.0062  4.3433  0.0000  1.2252  5.4268 
 0.1365  0.0017 11.4172  6.6616  0.2949  0.0028  0.0168  2.1537  0.2810  0.5734 
 0.0017  3.1162  0.0012  0.0001  0.4508  2.7460  0.0007  0.1908  1.0886  1.7995 
