
Rates for sites

[replicate 1]
 0.3548  0.0000  1.7175  0.0000  2.1719  8.4202  0.0001  0.0181  0.0000  0.0005 
 1.2236  0.0002  0.0587  0.0000  0.0000  9.3004  0.0516  0.0001  0.0000  0.0000 
 0.0000  0.2779  1.2333  0.0003  1.4759  2.4462  0.0756  0.0511  0.0000  2.2038 
 0.8313  0.4143  0.0079  0.3225  0.0000  0.1031  7.3777  0.0001  0.0000  0.0000 
 1.3443  0.5143  0.0006  0.0013  1.3158  0.0065  0.0195  0.1818  0.0216  0.6826 
 2.1772  0.0028  0.0008  0.1212  0.2449  4.0220  0.7668  0.0002  0.0000  1.2190 
 1.5438  0.2847  0.0337  0.0002  2.3867  2.1426  0.2995  0.0054  0.6527  0.0030 
 1.2256  0.0001  2.4190  0.0000  0.4287  0.0000  0.0025  0.0000  0.0006  0.0018 
 0.8647  0.6140  0.4995  0.6149  0.0023  0.6775  0.0003  0.2945  0.1254  0.8869 
 2.8842  0.0101  0.0000  0.0015  1.4698  0.8810  0.0100  0.1110  0.0000  0.0153 
 0.0000  0.0048  0.0000  0.0005  0.0009  0.1170  0.1308  2.0028  0.4705  0.0000 
 0.0193  3.2741 13.7049 12.7155  0.0000  0.0149  0.0000  1.0737  0.0000  0.4616 
 3.2785  6.0413  1.1667  0.0000  3.3048  0.0041  3.5560  0.0093  0.0002  0.1160 
 5.1012  0.0088  0.6183  0.1359  0.0242 19.4110  0.0045  0.1297  0.0002  1.1791 
 0.0125  0.0302  0.0222  0.0000  0.0000  0.2018  0.0106  0.5578  0.5033  0.0498 
 0.1047  8.3468  0.7137  1.2774  0.2313  0.0676  0.2694  0.0254  1.1888  0.0207 
 0.0051  0.0527  0.0143  0.0489  0.6786  0.0000  0.0040  3.1706  0.0781  0.4855 
 0.0000  0.1113  3.5807  2.7696  0.0057  0.0428  0.0002  1.6269  0.3060  0.0381 
 1.7176  1.6841  4.4404  2.0453  0.0935  0.0689  0.0000  0.4859  0.0001  3.3227 
 0.0338  0.0092  0.2820  0.2391  0.0332 11.4877  2.9703  0.0242  0.0000  0.0033 
 0.3105  0.0004  0.0285  0.0000  4.1421  3.0255  0.2177  4.2802  0.0000  0.0148 
 0.9434  0.0013  0.0011  0.4462  0.0152  0.2909  0.9214  0.0000  0.0236  0.0000 
 0.0165  0.0571  4.7338  0.0000  1.3018  0.0001  0.0020  0.0000  0.0004  0.0010 
 0.0010  0.0000  0.3523  0.0028  0.0856  0.0003  0.4936  0.1315  0.5472 21.3706 
 0.0001  1.6635  8.5954  0.0097  0.0000  3.2894  0.2678  0.2333  0.1583  0.0015 
 0.0136  1.5644  0.3861  0.0842  0.1937  0.0316  0.1863  2.9037  0.0161  0.1789 
 0.7757  0.1200  0.1490  0.3181  0.0057  0.0069  0.0000  0.0002  0.0108  1.6211 
 0.0000  0.0008  0.0011  0.8081  0.0020  0.0029  0.2285  0.0001  0.3048  0.0199 
 0.0000  0.0008  0.0000  0.0282  0.0134  0.0549  0.0019  0.0000  0.0004  0.0000 
 0.0443  0.0000  0.0209  7.2767  0.0087  0.1416  0.0000  0.0000  3.6783  0.0018 
 0.0000  0.0015  0.0790  0.0448  0.0003  0.3113  0.6448  1.3493  3.5371  0.0004 
 0.0005  0.1257  0.0138  4.8241  0.0000  0.0782  0.0863  0.0000  0.0180  0.1195 
 0.0000  0.0010  0.0556  0.0170  0.0935  0.0021  0.0000  0.0508  0.0000  1.3881 
 0.0045  0.0027  0.6149  0.0000  1.7493  0.0549  0.0000  0.0000  0.9067  0.0000 
 0.0178  0.4204  0.0021  0.0026  0.0105  0.0144  0.0418  0.0375  0.0415  0.0175 
 4.7609  0.9294  0.1665  0.0001  6.6191  0.0014  0.0343  0.0000  0.2604  0.0030 
 0.0000  0.8753  0.6533  0.0558  6.2377  0.0257  0.6139  0.0280  0.0001  0.0203 
 0.0010  0.5222  0.1727  0.0668  0.0000  0.0032  0.0000  1.0443  5.4694  0.0138 
 0.0160  0.0397  0.0072  0.1820  0.0003  0.2937  0.0652  0.0004  0.3217  0.0116 
 0.3343  0.0049  1.9626  0.0042  0.0000  0.0000  0.9326  0.0243  0.2624  0.0391 
 0.0033  0.9826  0.0000  0.0400  0.0021  0.0958  0.0001  0.0003  1.0213  0.0403 
 5.3547  0.0266  0.0021  0.0008  3.9845  0.0005  0.0630  6.4156  0.0399  0.2227 
 0.0000  0.0000  0.8086  0.0000  6.4184  0.0736  0.0027  0.0000  0.0004  1.5821 
 4.7681  0.0008  0.0001  0.0002  0.0065  1.0255  0.0388  0.0000  0.0083  9.3202 
 1.1055  0.0617  0.0459  0.3866  0.0000  1.2370  0.0558  0.0103  0.0019  0.0351 
 1.0263  6.9136  0.0001  0.0000  0.0001  0.2884  0.0071  5.6584  0.7466  0.0000 
 1.2942  0.1152  0.0000  0.0008  0.0001  3.1261  0.7455  0.0000  0.0940  0.0000 
 2.7873  0.0000  4.4844  0.5626  0.0146  1.6790  7.6073  0.0000  4.7782  0.0001 
 0.0113  0.4707  0.3986  0.0009  0.0001  0.0872  0.2842  0.0000  0.0000  0.0000 
 0.0000  1.2597  1.7084  0.0102  0.2942  0.0670  0.0085  0.2597  0.0013  0.3468 
 0.0231  0.0091  1.5376  0.0000 10.0732  0.0000  0.1623  1.7477  0.0590  0.0289 
 0.0000  0.2081  3.1036  0.0000  2.1527  0.3742  3.2491  0.0618  0.4703  0.0117 
 0.0014  0.0001  0.0000  0.0000  0.3003  0.2748  3.3610  0.0000  0.0331  0.0001 
 6.0387  1.2022  7.9431  0.0000  0.0646  3.0100  0.0001  0.0006  0.0006  0.0000 
 0.0006  0.0000  1.6453  0.0011  2.7764  0.0000  0.0039  1.8803  0.0000  0.0245 
 8.9825  0.0003  0.0347  0.1630  0.2224  3.6429  0.0028  2.7912  3.2672  0.0000 
 0.0019  0.2287  0.0000  0.0000  0.0034  0.0014  0.0000  0.3719  9.1079  0.0754 
 0.0649  0.0127  0.0004  0.0002  0.9585  0.2298  0.0016  1.1304  0.0013  0.0265 
 0.0650  5.6104  0.0003  0.3702  1.9780  1.4564  0.0017  1.9238  0.5426  5.4918 
 0.0000  0.1390  0.0079  2.9793  0.0873  0.1652  0.0000  0.5420  0.7106  6.5905 
 0.0556  0.0000  0.0875  0.0005  0.0069  0.0000  0.0000  0.0000  1.0789  1.6413 
 0.0026  0.1651  0.0032  0.0797  0.2832  0.0155  0.0000  0.0000  0.1057  0.0000 
 0.3092  0.0001  0.6427  0.0003  1.4736  1.2710  0.0003  0.2085  1.1289  0.1197 
 0.0001  0.0738  3.0691  0.0970  0.0001  0.0020  2.4016  0.4957  0.2506 17.9444 
 4.5529  0.0745  0.0000  0.0010  0.0000  0.1039  0.0000  0.0000  0.0500  2.1207 
 0.0228  0.0004  0.0000  4.5999  0.2968  1.1700  0.0000  0.0010  5.7249  0.0221 
 0.8513  0.0798  0.0035  0.4800  0.1244  1.3559  2.9928  0.0654  0.0642  4.4282 
 0.0001  0.1208  0.0246  0.0000  0.3993  2.5285  0.0013  2.0023  1.2626  0.0675 
 0.0119  0.0097  1.2056  0.4352  0.2603  0.2497  0.0003  0.0000  0.6738  0.0940 
 0.0022  1.6337  0.0000  0.0679  5.6763  0.0007  0.2362  0.1534  0.6076  0.0581 
 0.4865  0.0001  2.7792  3.0958  1.1100  0.2600  0.0000  0.0000  0.0000  0.0000 
 2.6300  2.2261  0.0013  7.1899  4.6819  6.2734  0.0176  0.0001  0.0379  0.0000 
 1.9002  0.0041  3.1767  0.0003  0.0000  0.1398  0.0004  1.2803  1.0412  0.7008 
 0.0000  0.0492  0.4475  2.8396  0.3585  0.0002  0.1370  0.0004  0.0001  2.2031 
 0.5327  0.0015  0.0732  0.1092  0.0627  0.0004  0.0001  0.0511  0.0000  0.0000 
 0.2996  0.0000  0.3792  0.0000  0.0000  0.0068  0.0000  0.4178  0.0129  0.0000 
 0.0000  0.0559  0.0000  0.0004  0.0262  0.0000  0.0000  1.7542  3.0303  0.0009 
 0.0000  7.3836  0.0051  7.1378  4.1118  0.4916  0.0001  0.0213  2.1462  0.1044 
 0.0096  0.0007  0.0000  0.0485  2.5341  0.0095  0.0003  0.0002  0.0000  0.0000 
 0.0401  0.0023  1.3254  5.7467  3.9212  0.8718  0.0039  0.0000  0.0337  0.1461 
 0.0247  0.0000  4.6000  0.0024  0.2812  0.2627  1.0327  0.0001  0.0001  0.0119 
 0.6131  0.4231  0.0012  0.0847  0.8193  0.0353  0.0836  0.1745  0.0126  0.6645 
 0.1186  0.0000  0.0024  0.5593  0.0001  1.1808  0.0000  0.0197  0.2640  0.0032 
 0.4044  0.0000  0.1963  2.2570  0.0000  0.0000  0.0207  8.1635  0.0129  0.0013 
 0.0000  0.0071  6.7661  0.0920  0.0244  0.0001  3.4137  0.7150  0.5188  5.7536 
 0.0664  0.0000  0.7214 16.0442  0.0000  0.0135  1.0382  4.1585  0.0001  0.0000 
 0.2856  0.1412  0.0000  0.0010  0.0000  1.1798  0.0007  0.0000  0.0009  0.0536 
 0.0000  0.0919  0.0000  0.0917  0.2254  0.0049  1.2592  0.0000  2.4356  0.0107 
 0.0344  2.0119 13.0046  1.7207  0.5103  0.0106  0.5468  0.4125  0.0059  8.2707 
 0.0614  0.0004  0.0000  0.1616  2.1561  0.0621  0.0000  0.0549  1.1321  4.2009 
 0.0041  0.1549  0.0000  1.3753  0.0001  0.4531  0.0002  1.3782  0.6638  0.0040 
 0.1195  0.5608  3.1921  0.3313  0.0011  0.0072  0.0000  0.3027  1.8992  0.0244 
 0.0003  6.4899  0.0000  0.0683  0.0074  4.8945  0.0015  0.0000  0.0740  0.4690 
 0.0003  0.1925  0.0000  0.0006  0.0024  0.0670 11.7825  0.0006  0.0002  4.0404 
 0.7116  0.6426  0.0015  0.0523  0.0160  0.0233  0.6825  0.0932  0.9980  0.1588 
 0.0001  2.8231  0.0010  2.3908  1.9962  0.8056  1.0675  0.0183  0.4421  0.1401 
 1.1400  3.0497  0.0248  0.0032  0.0246  0.0204  0.1936  0.0013  0.0593  0.0000 
 0.1123  0.0000  0.0298  0.0001  3.2558  0.0438  0.0029  0.0432  0.0242  0.2524 
 0.0018  0.0036  0.0105  1.6664  0.3922  0.4167  0.1445  0.0000  0.0043  0.0094 
 0.4154  0.0008  2.7052  0.0061  0.0510  0.2518  0.9225  4.1806  0.8668  4.4709 
 0.0072  0.0224  1.3100  0.8300  1.3174  0.0001  1.9116  0.0160  0.0000  0.0097 
 0.0043  0.1103  0.0000  0.3800  0.0127  0.0229  0.0000  1.2127  0.0067 38.6889 
 0.0165  0.0000  1.0933  0.0000  1.4314  0.0001  5.0495  9.7736  0.0028  0.0000 
 0.0002  0.0306  0.6500  0.2511  0.0000  0.1381  3.1537  0.2551  0.0002  0.0003 
 0.2871  0.0355  0.0085  3.7593  0.0000  6.2664  0.0001  0.0710  0.1032  1.6392 
 0.0000  0.1407  0.0109  0.0432  6.2849  0.0000  4.4739  0.0892  0.6973  0.0000 
 0.0184  0.0522  0.0971  0.0022  1.5824  0.3804  0.0515  0.0619  0.0009  0.6215 
 0.0006  0.4712  0.6969  0.0000  0.0046  0.0435  1.6996  0.0000  0.0000  0.1001 
 0.0000  9.5284  0.0009  0.0001  0.0004  0.0001  0.0266  2.4509  0.3601  0.0018 
 0.0014  0.1611  0.2720  1.8892  0.0309  0.0004  4.2355  0.4260  0.0084  4.3439 
 0.0122  0.0013  0.2979  0.0007  0.0162  0.0224  2.5808  0.8762  0.0005  0.0000 
 0.2786  0.0001  0.0000  0.0000  0.0000  0.0998  0.0046  3.2996  0.9801  0.4063 
 4.2351  0.1295  0.0000  0.0463  0.9735  0.0000  0.0003  2.0679  0.0000  1.0991 
 0.0000  0.2481  0.0001  8.7341  0.0000  2.9486  0.0000  5.6543  0.0004  0.0016 
 0.0322  0.0000  4.1549  0.0865  0.0010  6.5673  8.8416  4.8981  0.0011  0.0000 
 5.9766  0.2106  0.0000  0.0615  0.0000  0.1483  0.0135  0.0737  0.0000  1.0495 
 4.1102  0.3703  5.7078  0.0027  0.1026  0.0480  0.5295  4.2237  9.8815  0.2298 
 0.0029  0.0134  2.9437  0.0000  0.9881  0.0180  0.0000  0.5888  2.8768  0.0007 
 0.0000  0.0000  0.0187  0.4158  0.1139  0.1990  0.1249  0.1665  0.0002  0.4704 
 4.6751  0.0000  0.0000  0.2102  0.3704  0.2675  0.3148  0.0001  5.7196  4.8729 
 1.1592  6.4492  0.0000  0.4391  2.0684  0.7688  0.0000  2.1631  7.6886  0.0038 
 0.0228  0.0000  0.0003  0.0042  0.0233  0.0045  0.7402  0.0000  0.0005  0.0228 
 0.7565  0.7088  2.7896  0.0065  0.4378  0.0000  0.0000  0.0669  0.2374  0.0055 
 2.0447  0.0463  1.0295  0.0001  1.1123  0.0378  0.1996  1.0428  0.1367  0.0001 
 0.0004  0.0613  0.0225  0.0199  5.2545  0.0037  0.4087  0.2807  1.1081  0.6604 
 0.5393  0.0000  0.3195  0.0000  0.5654  5.6956  0.6408  1.0794  0.0000  0.0165 
 0.5482  0.3608  0.1184  0.0006  0.0074  0.0232  0.0000  0.0004  0.0188  0.2022 
 0.0001  0.0614  0.0000  5.7666  0.0000  0.0004  0.2673  0.2927  0.2938  0.7571 
 8.9920  0.0000  0.0004  0.0015  0.0075  0.8276  0.0002  0.0465  2.2559  0.6625 
 0.5523  0.0189  0.8344  1.8768  0.3034  1.1910  0.0003  0.0228  0.3418  2.8380 
 0.0192  4.7160  0.0534  0.0050  0.0000  0.0002  0.0001  0.0000  0.0000  0.2962 
 1.6897  0.4467  0.0001  0.1916  1.0454  0.8536  0.0035  0.0020  0.0000  0.0000 
 0.0012  0.8792  5.8104  0.0035  0.0000  8.0304  0.1471  1.3607  0.7395  0.0017 
 0.0000  0.2786  0.0137  0.0360  0.0000  0.0226  0.3755  0.0295  1.0041  0.0032 
 3.4642  2.5031  0.0006  0.6386  1.0488  0.0000  7.6108  0.0858  1.3511  0.4453 
 0.1859  0.0000  0.4718  2.2665  3.8864  4.4061  0.0207  2.2578  0.6419  0.0861 
 0.0001  0.7262  0.2927  0.4563  0.1931  2.6201  0.0000  0.7877  0.0722 21.7294 
 0.0062  5.1797  1.1313  0.0021  0.0000  0.1211  0.0066  0.0051  0.0015  0.0345 
 0.0276  0.0020  2.3583  0.4471  0.2564  0.5921  0.0952  0.0000  0.0010  0.0000 
 0.0000  0.0000  0.0143  0.8240  0.0028  0.0000  0.2720  3.0923  6.2005  0.0469 
 9.5293  0.0000  0.4271  0.0052  0.5973  0.0005  0.0042  0.0000  0.0000  0.0000 
15.6292  0.0000  0.0000  1.3009  0.2948  3.7620  0.0012  0.0209  0.7898  0.0003 
 0.0200  0.9026  0.2523  2.1204  0.7581  0.0398  2.0144  0.5588  0.0000  0.0000 
 0.0023  0.0645  0.0017  1.2267  0.0000  0.0582  0.1105  0.3085  0.0011  0.4011 
 0.3379  0.0332  2.9181  0.0086  1.0663  2.4070  0.0217  0.0010  0.0109  4.1444 
 0.6850  0.0049  0.0000  0.0000  2.2688  0.0000  0.0022  4.1469  1.8740  0.0000 
 0.0000  0.9898  0.0077  0.0017  0.0000  0.0000  0.0039  4.2024  0.0000  0.0028 
 0.0972  0.6382  0.0000  7.8686  0.0549  4.9165  1.9786  0.0000  0.0000  0.0047 
 0.0692  0.0006  0.0000  0.0000  0.2886  0.5576  0.0002  8.4269  0.0000 15.6987 
12.2359  0.0027  0.0004  0.0002  0.0000  0.2891  0.0892  0.0590  0.0000  0.1584 
 0.0305  0.1903  0.0000  0.0004  0.0000  0.0317  0.0006  0.0003  0.8885  3.8378 
 0.2750  0.0006  0.0398  0.0749  2.4382  0.1056  4.3254  0.4950  0.0000  1.6215 
 0.4739  0.6125  0.0902  0.0030  0.0003  0.3923  0.0035  3.0035  0.0000  0.5068 
 1.3616  0.0001  0.0001  0.0004  0.5404  0.0412  0.7607  0.0331  5.0732  0.0000 
 0.3136  1.8339  0.0532  7.0638  0.0171  0.0050  0.1196  0.2474  0.0338  1.7671 
