
Rates for sites

[replicate 1]
 0.0210  0.0996  0.0507  2.0933  0.0000  0.2597  0.2304  0.0122  9.6200  2.8599 
 0.0000  0.0002  0.0034  0.0314 12.4915  2.6821  2.1418  0.0467  0.0871  0.3524 
 0.0001  0.0001  0.2676  0.0007  0.0000  0.8414  0.0000  0.0002  0.0103  0.3261 
 0.0076  0.0000  0.0000  2.3196  0.0014  1.0523  0.0000  0.3603  0.0553  0.0548 
 0.3096  6.0008  0.0000  0.0003  0.0047  0.4304  0.0004  0.0000  1.1654  0.0000 
 0.0000  1.0634  7.1145  0.0261  0.0000  0.0000  0.0000  0.1888  1.5463  0.3983 
 0.0031  5.5180  5.8841  2.1448  0.1725  3.3167  0.0312  0.0000  0.0096  0.0741 
 0.0384  0.1495  0.0155  0.0000  0.0010  1.1148  0.0646  0.0000  0.0465  0.0000 
 7.3356  0.0000  0.4847  0.1920  0.0333  1.7493  0.0329  0.0000  0.8782  0.0000 
 0.9422  0.0110  0.1166  0.0002  2.1241  0.0006  0.0000  0.0098  0.0818  0.0001 
 0.0123  2.1476  0.4490  0.0000  0.0051  8.3911  0.0415  0.1511  0.0643  0.0000 
 0.0001  0.0000  0.0000  0.0021  0.0000  0.0000  0.0000  7.6445  4.4941 11.6290 
 1.5013  0.0001  0.0217  0.0116  0.1959  0.0000  0.3323  0.5164  0.0006  3.4660 
 0.5565  0.0389  0.0000  0.0007  0.6779  0.3449  0.0007  0.2946  0.9855  0.1215 
 1.8415  3.1833  1.5353  0.0874  0.0282  0.1799  8.1223 10.8567  0.5253  0.0045 
 1.4689  0.0502  0.0745  0.0000  0.6861  0.0005  0.2348  0.1646  0.0002  9.3075 
 1.9392  0.0018  0.0964  0.0000  0.0000  0.0000  0.0001  0.9968  1.2999  0.0000 
 0.0078  0.5894  0.3498 12.3247  4.3119  0.0000  0.0859  0.0001  0.0005  0.0000 
 0.1397  0.2034  0.0097  0.0002  0.0007  0.3434  0.0039  0.0000  0.0135  0.0003 
 0.0000  0.9153  0.0000  0.1081  3.6770  0.9283  4.6900  0.0051  0.0040  0.0000 
 0.0000  0.0373  0.0003  0.4237  0.0001  1.2654  3.1374  2.0425  0.0000  5.8342 
 0.0011  0.0026  0.0012  0.0006  0.0021  0.6451  0.4808  0.3868  0.0000  5.2819 
 0.0640  0.2876  0.8736  0.0000  0.0013  1.0982  0.0003  2.4171  0.6331  0.0017 
 0.0000  0.0015  0.0324  3.3481 12.0302 11.6770  0.7033  0.5363  0.1089  0.0003 
 0.3206  1.1781  0.0705  0.0009  0.0000  0.0006  0.0763  0.8455  2.4752  0.0538 
 6.7137  0.0223  0.0011  0.0001  0.0670  0.0000  0.0000  0.3175  0.0004  0.0000 
 0.0000  7.3415  1.8571  0.0000  0.0642  0.0027  1.5056  0.1028  0.0000  0.0000 
 1.6475  0.0110  5.3519  0.0000  0.2787  0.0034  0.0017  0.1976  0.5111  0.0000 
 1.3714  6.5170  0.0800  0.0155  0.0582  0.0000  0.1979  0.0011  0.0000  1.0946 
 1.7066  0.4236  0.1156  0.0000  0.0590  0.0044  0.0284  0.0000  0.0057  1.0293 
 5.6373  0.1396  0.0236  1.4333  0.1574  0.0000  0.0001  0.1370  0.0140  4.9470 
 0.0023  0.1100  0.9419  0.1288  0.0097  0.0268  0.0291  4.6333  0.2538  0.0004 
 0.0000  5.9310  0.0000  0.0008  0.0001  0.0325  0.0266  0.1160  0.0000  1.1777 
 1.1110  0.0169  0.3670  0.0000  0.3576  3.6706  0.0592  0.7179  0.2292  0.0000 
 1.0757  0.4360  0.0029  2.1922  0.3733  3.5381  1.8089  0.0003  0.7103  0.6311 
 0.2210  0.0002  2.4717  7.4583  0.0430  0.6155  0.0256  0.0449  0.0005  0.2047 
 0.0263  0.0000  0.0000  0.0000  0.0000  0.0000  0.1231  3.4898  0.0006 12.8340 
 0.1316  1.1439  0.2661  0.6836  8.3754  0.4283  0.0042  0.0333  0.1401  0.7573 
 0.0025  0.0001  0.0573  0.3822  0.4252  0.1741  1.6439  0.0004  0.0952  0.0698 
 0.0000  4.5020  0.0005  0.0000  0.0043  0.0000  0.5852  5.1037  0.0020  3.8022 
 0.0799  0.0759  0.4371  0.2862  2.4664  0.0181  0.0448  0.2594  0.0700  0.2772 
 0.0000  0.0561  0.0000  1.4133  0.3085  0.3643  1.1107  0.5699  0.0000  1.6590 
 1.5800  0.0024  7.0551  1.4069  0.6744  0.0007  0.0199  0.0393  0.0005  0.0631 
 6.7554  0.0379  0.0000  0.0371  0.0014  0.3029  0.0000  0.0001  0.0151  0.0042 
 1.5658  0.0009  6.8774  0.0002  7.3438  3.5680  0.1991  0.4043  1.4841  0.0000 
 0.0096  0.0075  0.0673  0.0007  0.0000  2.6884  0.4508  3.3221  9.4002  0.0731 
 0.0091  0.0000  2.4541  0.1106  0.5849  0.0000  0.6594  0.0234  0.1011  0.0010 
 0.0000  0.0005  0.1038  0.0025  0.0000  0.1616  0.0000  0.1163  0.0019  1.5884 
 0.8709  0.0000  0.2515  0.0027  0.0028  1.5973  0.0001  2.0818  0.0499  1.5523 
 1.2346  0.0022  0.0025  0.8499  4.5569  0.1701  0.0001  0.0589  0.0020  0.0372 
 0.2261  0.0000  0.0000  1.9358  0.0000  0.1322  1.0688  0.0000  3.1483  3.7907 
 0.0000  0.0626  0.0001  0.0112  1.3064  0.2965  0.1832  0.0762  1.2102  0.0035 
 0.0016  0.0008  0.0166  1.6360  0.0429  0.0583  0.0305  0.1169  0.9308  0.0872 
 0.0049  0.0000  0.0325  0.1317  0.4190  0.0002  0.0001  3.1717  1.7324  0.0154 
 0.0189  0.0343  0.0148  0.0004  0.0000  0.0866  0.3491  0.0000  0.9426  0.5892 
 0.0000  0.0630  0.0000  0.0000  4.4554  0.1177  0.0014  0.0004  0.0030  0.0000 
 0.0557  0.0067  1.5388  0.0121  0.0000  0.0011  0.2101  9.0530  0.0000  0.0000 
 3.9715  0.0000  0.1684  0.0555  1.5695  0.0697  2.6672  0.0219  0.0022  0.0004 
 3.6617  2.1125  0.0016  1.3766  0.0000  0.0096  0.0549  0.2446  0.0070  0.0000 
 0.0000  0.1091  1.8970  0.0203  0.0133  0.4922  0.4990  0.0020  0.0033  0.4111 
 0.0158  0.1728  0.0003  0.0000  0.7652  2.4148  0.0007  0.0004  0.9418  0.1183 
 6.8971  2.5603  0.5930  0.0001  0.0240  0.0000  0.3235  0.4658  0.0070  0.0003 
 9.1208  0.0000  0.2162  0.1048  0.4365  0.2612  0.0170  0.0259  0.0000  0.2879 
 1.7656  0.1183 15.2953  1.6195  0.0349  0.0005  0.0003  0.0000  0.7563  0.7387 
 4.3513  0.0000  0.4778  0.0591  0.0000  0.0009  0.5123  0.6292  0.0271  0.0000 
 0.0274  0.3810  0.0000  0.0669  0.0000  0.0003  0.0000  3.7174  1.8014  6.6986 
 0.0197  0.7380  0.0825  0.1078  0.0000  0.0009  0.1592  0.0884  2.0705 11.7122 
 1.4574  2.7138  0.0152  0.4248  0.1103  0.0278  0.0807  0.2641  7.1021  0.0000 
 0.0123  0.0000  0.0025  1.4052  0.0000  0.0233  0.0191  0.0042  0.0050  3.5965 
 0.0045  0.0679  0.0000  0.8209  0.1362  0.2348  0.0679  0.0615  0.0012  0.0000 
 0.9461  0.0021  0.0000  0.0001  0.0000  0.4953  0.5868  0.9267  0.0005  0.0007 
 0.0387  7.0757  0.0022  0.0000  0.0004  0.1288  0.0031  0.0095  0.6015  0.1125 
 0.0004  0.0061  0.5673  0.0272  0.2669  2.2648  0.9032  0.0001  0.1771  0.4891 
 0.2840  1.7276  4.1775  0.0001  0.0106  0.0004  1.6710  0.0000  0.0118  0.0001 
 0.0294  0.4912  0.0044  0.0001  0.8482  0.0009  0.0000  0.0143  0.0000  0.2179 
 0.3593  0.0008  0.0016  0.0482  0.5262  2.6553  0.0001  0.0000  0.4259  0.5667 
 0.0185  0.0000  0.0000  0.1552  0.0000  0.1401  0.6737  0.2628 15.5907  0.2148 
 0.0687  1.8187  0.0001  1.7329  0.6035  0.0004  0.1910  0.0001  9.0055  0.0000 
 0.0822  0.0001  0.0000  1.4661  1.2275  1.1512  2.9669  4.5786  1.9477  0.0857 
 0.0000  0.0003  3.2291  0.0158  0.0912  0.7243  0.6724  3.7086  0.0000  7.0131 
 5.0860  0.2704  0.0121  0.0095  1.0625  0.0743  0.1965  0.0002  0.0009  0.0031 
 0.4774  0.6923  3.6413  0.0002  0.0000  0.0000  0.0245  1.3329  0.0034  0.0000 
 0.0000  0.3396  0.0258  0.4207  0.0000  0.3981  0.0000  0.1867  0.0000  0.3788 
 1.0999  8.1639  0.7129  0.0000  1.1601  0.0409  0.1024  0.0132  0.1165  1.5426 
 0.0055  0.0002  0.0265  0.0002  0.0000  0.0003  0.0000  0.0001  0.0049  0.0105 
 2.9167  0.0000  0.0004  0.0039  0.0221  1.0303  0.0001  0.0000  0.6877  1.8905 
 0.0000  0.0000  0.0262  0.0639  0.0447  7.4016  0.1065  0.1113  0.0042  0.0000 
 0.0009  0.0007  0.0000  0.4503  0.7502  0.0003  0.0000  0.0000  0.4392  0.0000 
 0.0013  0.4187  0.0875  0.2970  0.5030  0.0000  0.0150  0.1236  0.0167  0.0000 
 0.0004  1.3341  0.0000  1.5989  0.0000  0.2890  0.0000  0.8454  0.0000  0.0077 
 0.0000  0.0437  1.4190  1.0083  0.0006  1.1917  0.3283  0.0000  0.0269  0.7398 
 2.0392  0.0620  0.0566  0.8384  0.0298  0.0127  0.1409  0.0000  0.0001  0.0016 
 0.0001  5.2785  0.0005  0.1946  1.2860  0.0321  0.0002  0.0018  0.4130  0.0000 
 0.2098  0.0089  0.0147  2.4774  0.0000  0.1367  0.0011  0.0000  1.0088  3.0548 
 3.8091  0.0151  0.0004  0.1255  0.0264  1.0552  0.0001  0.0004  0.0004  1.3834 
 0.0165  1.0918  0.7353  0.0106  1.7327  0.0054  0.0027  0.0000  0.0001  0.0002 
 0.1149  0.0175  0.0000  0.0561  0.0000  0.0051  0.0004  0.2345  0.0001  0.3643 
 0.0000  0.0108  0.0041  0.0000  2.2170  0.0002  0.0000  0.0097  0.0000  0.1023 
 0.2398  0.0109  0.0000  1.8184  0.0169  0.0020  0.0000  0.0004  0.0080  0.0035 
 0.0087  0.0005  0.0477  2.4687  0.0005  0.0189  0.3795  0.0000  6.3097  0.1254 
 2.6344  0.0000 10.2940  0.9956  0.0421  3.4621  9.6976  0.5285  0.0000  0.0059 
 0.2458  1.1492  9.4520  0.3231  0.0000  4.2811  0.0000  0.6843  0.2090  0.0000 
 1.0544  0.0156  0.0000  0.9721  0.0000  4.8612  0.0473  0.0002  0.0000  0.1637 
 2.3000  0.1599  0.0019  0.0000  0.0014  3.0348  0.2278  0.0001  0.0000  0.0031 
 0.0011  0.0000  0.7377  0.0053  0.0069  0.0000  0.0001  0.0009  0.0000  0.0000 
 0.4400  0.0092  0.0034  0.0685  0.0522  0.0168  0.0366  0.0000  1.4939  0.2016 
 1.4970  1.6401  0.0005  1.3797  0.1343  0.4690  0.0000 10.7364  0.0001  0.0945 
 0.0737  0.0000  0.0001  0.0228  3.8653  0.0415  0.0000  0.1838  2.0696  0.0044 
 0.0000  0.0000  0.1002  0.0000  0.0082  0.4452  0.0117  0.0049  0.0000  0.0000 
 0.0802  0.2161  0.0000  2.0913  2.8859  0.0047  0.0899  0.0015  0.9453  0.0030 
 0.1518  2.5140  0.0020  0.0016  0.0021  0.0381  0.2787  0.0331  1.9749  0.0874 
 0.0001  6.3816  0.0503  0.0002  1.8291  0.0256  0.0077  0.0000  0.7040  0.0134 
 0.1401  1.0704  0.5631  0.0929  0.0191  1.1233  6.8681  0.5995  1.3124  0.0000 
 0.2461  0.0002  0.1848  9.1904  0.4005  0.0024  4.0435  0.4744  0.0070  1.4374 
 0.0020  0.2273  0.0001  0.0088  0.4921  0.1330  0.8448  0.0000  0.1317  0.3269 
 0.1124  5.0582  0.1316  1.2331  0.0057  0.0030  0.1708  0.1645  0.0001  0.0595 
 0.0000  0.1811  0.0000  0.0000  0.4979  0.0013  0.0202  0.3051  0.0001  0.0000 
 0.0011  0.0006  0.4061  0.2410  1.3711  0.6058  0.7572  0.0000  0.2070  0.0078 
 0.0693  5.9799  0.2757  0.0005  0.0000  4.4112  0.0000  2.0135  0.2609  0.0010 
 1.9309  0.0036  0.5059  0.0011  0.0120  0.0026  0.7919  0.6750  0.0206  0.0016 
 0.0168  0.0284  0.0000  0.0000  0.0000  0.0000  0.0801  0.3882  1.9266  0.0221 
 0.1031  0.0060  0.3307  0.0000  0.1418  0.0009  1.0036  1.3756  0.0000  1.2155 
 2.7792  0.9918  0.0743  0.0899  0.0000  0.0704  0.0016  6.2777  1.4512  0.0236 
 0.0015  0.0000  4.3023  1.5315  2.4681  0.0002  0.0006  0.0760  0.2309  0.0000 
 0.0013  0.0000  9.3633  0.2280  0.2468  1.5392  1.3379  0.0000  0.9597 16.8414 
 0.1613  4.2255  0.0000  0.6603  0.0133  0.0775  0.6040  0.0001  0.0000  2.2798 
 0.1873  0.0126  1.7188  0.0000  0.1075  0.0370  0.5510  0.0251  2.6294  0.0314 
 0.0004  0.1107  4.3914  0.0000  4.8010  0.0000  0.0147 23.5240  0.0000  0.8386 
 0.0012  0.1046  0.0049 13.0089  1.4929  0.0087  0.3169  1.4994  8.6622  0.0000 
 0.3601  0.0000  2.0603  0.0000  0.2260  0.0576  0.4224  0.0000  0.4401  0.8187 
 1.9198  0.0000  0.0629  0.0009  0.0000  0.2925  0.0000  3.3954  1.1072  0.0158 
 0.0000  0.0000  0.2744  0.0002  0.6159  0.0000  0.0915  0.0003  0.0506  0.1974 
 0.0029  0.0012  0.0004  0.1419  0.0038  0.0133  3.0878 19.9953  0.0000  0.0008 
 0.0908  0.4129  0.6131  0.0000  0.5083  0.0020  0.2537  3.2736  1.5719  0.0260 
 0.0061  0.3135  0.0010  0.0001  0.0082  0.5201  0.0117  0.1722  0.0000  0.1695 
 0.2619  0.9736  0.0000  0.0000  0.0603  0.0080  0.0014  2.2171  0.0470 14.1356 
 0.0000  0.2195  0.0077  0.0000  0.3487  3.1297  0.0061  0.6698  0.0008  0.4053 
 2.6016  0.1922  0.0337  0.0000  0.0553  0.0002  0.0475  0.0000  0.5799  2.9196 
 0.0004  0.0461  8.9084  0.1906  0.5236  1.3262  0.0164  0.0000  0.8441  0.2421 
 1.2103  0.0010  0.2755  0.2913  0.0000  0.1566  0.0136  0.0000  0.0001  0.0618 
 0.0026  0.2803  1.0064  0.0000  0.0097  0.1524  2.8629  0.7354  0.0000  2.8757 
 0.0012  0.0034  0.0031  0.4282  0.0000  0.0000  0.0010  0.0000  2.6394  0.8017 
 0.5344  0.0002  0.0055  1.2814  0.0000  9.5800  0.7307  0.0217  0.0002  0.0190 
 6.0495  0.3163  0.0000  0.0626  0.0000  0.1016  0.0215  0.1807  0.0000  0.0006 
 0.0737  3.4523  0.2898  2.4609  0.0002  0.0497  0.0599  0.0000  0.3951  0.0000 
 1.6706  2.8942  0.1948  4.1717  0.7689  0.0016  2.1739  0.0002  0.0410  0.0000 
 1.1400  0.0000  6.6562  0.6292  0.0001  0.1143  3.0762  0.0000  0.3594  0.0000 
 0.7093  0.0168  0.0697  0.8154  0.7195  0.0151  0.0000  0.4571  0.0000  0.0000 
 0.0076  0.6088  0.9114  0.4509  1.8748  0.0949  0.1821  0.8773  0.0031  0.0000 
 0.1149  0.1280  0.0329  0.6407  0.0674  3.4018  0.0010  0.4282  0.7057  0.0718 
 0.0000  1.6012  0.2339  0.0467  0.0569  0.5234  0.0181  1.6531  0.0025  0.0156 
 5.3268 11.4327  0.0000  7.3599  0.0000  0.0000  0.1044  0.0260  1.7150  0.3806 
 0.0000  0.0074  0.4355  0.0000  0.0015  0.3045  0.0000  2.3764  0.1858  0.1141 
 0.0000  0.1533  0.7076  0.4839  0.0000  1.6892  2.2348  0.2744  7.0234  0.2717 
 1.6905  0.2336  0.0006  2.2081  0.0001  0.0153  0.3289  0.2102  9.7963  0.0001 
